1 0110010000 1 00000000000000000000000000000000000000000000000000000000000000000000000000000000000000000000000000000000000000000000000000000101 000001011110000
1 0110010001 1 00000000000000000000000000000000000000000000000000000000000000000000000000000000000000000000000000000000000000000000000000000101 010001100010100
1 0110010010 0 00011101111010010001110101010001101110100100100111100001100001000110110001001100000000100111100101001100010100100110110001010110 000000111001000
1 0110010011 1 00000000000000000000000000000000000000000000000000000000000000000000000000000000000000000000000000000000000000000000000000000101 001110011000100
1 0110010100 0 01000111101111011010100000101110110001000110111010010010101111101101000110100011000101110110001101111110010000000011100011111101 101000001101000
1 0110010101 0 10000101100011100110111001000011000100101101010010010110111011111010101101100000111000000001000100001101111110000111000110100010 101111111011100
1 0110010110 0 11111011011111000111001101010111011000100101000010010000000110011001010111010011000101000011111101010110011110110111110100101101 111010101011000
1 0110010111 1 00000000000000000000000000000000000000000000000000000000000000000000000000000000000000000000000000000000000000000000000000000101 001110111101100
1 0110011000 1 00000000000000000000000000000000000000000000000000000000000000000000000000000000000000000000000000000000000000000000000000000101 101110111000100
1 0110011001 1 00000000000000000000000000000000000000000000000000000000000000000000000000000000000000000000000000000000000000000000000000000101 101100101000000
1 0110011010 1 00000000000000000000000000000000000000000000000000000000000000000000000000000000000000000000000000000000000000000000000000000101 010111110100100
1 0110011011 1 00000000000000000000000000000000000000000000000000000000000000000000000000000000000000000000000000000000000000000000000000000101 100010110100100
1 0110011100 0 10101011011101111011000110111101010100001001010110110011101010101010101101001111011101101011111001000010100110100001101000001111 000110000000000
1 0110011101 0 10011010000010111101111101100111000000110101111110110001001111011100111111001100111111110000110000110100001000101101111000000101 111011000000000
1 0110011110 0 01110000010011100100001010000001101011110011101100111011011000101011111011000100000101101010001100101011000110011000110000011100 001110111000000
1 0110011111 1 00000000000000000000000000000000000000000000000000000000000000000000000000000000000000000000000000000000000000000000000000000101 101001011100100
1 0110100000 0 00101111110111010000000010000011010110000110011111111011000110110001100101100010010110100000000111001001111011110110110001001000 011011001011000
1 0110100001 0 11001100110100000100010111010111101001000111100100110011010110001101110001011110010111001110000001010101100110001111100011011110 000101011111000
1 0110100010 0 11110110111001010110001011001101010011100110101100011000011011011011000110001101110001000010011110010001101101000011001001110100 011000100010100
1 0110100011 1 00000000000000000000000000000000000000000000000000000000000000000000000000000000000000000000000000000000000000000000000000000101 111010001010000
1 0110100100 1 00000000000000000000000000000000000000000000000000000000000000000000000000000000000000000000000000000000000000000000000000000101 110100111111100
1 0110100101 1 00000000000000000000000000000000000000000000000000000000000000000000000000000000000000000000000000000000000000000000000000000101 001000101100100
1 0110100110 1 00000000000000000000000000000000000000000000000000000000000000000000000000000000000000000000000000000000000000000000000000000101 101000000101100
1 0110100111 0 11001001010011110100111011011101000000110101111000000010011011100101100110000100111000110000100000110011101010111110010001111111 101111010101000
1 0110101000 0 01000010111101010011111100101011100110000111010011101001100111010011001101000011111011010101010111101100011111011110111010100001 011000100100000
1 0110101001 1 00000000000000000000000000000000000000000000000000000000000000000000000000000000000000000000000000000000000000000000000000000101 111101001100000
1 0110101010 1 00000000000000000000000000000000000000000000000000000000000000000000000000000000000000000000000000000000000000000000000000000101 110010010001100
1 0110101011 1 00000000000000000000000000000000000000000000000000000000000000000000000000000000000000000000000000000000000000000000000000000101 101011011000000
1 0110101100 1 00000000000000000000000000000000000000000000000000000000000000000000000000000000000000000000000000000000000000000000000000000101 100011100101000
1 0110101101 1 00000000000000000000000000000000000000000000000000000000000000000000000000000000000000000000000000000000000000000000000000000101 000011100111000
1 0110101110 0 01111100101100010101001000101101011110000100010110001011101101111111001111011100111101010010100100101111000000111101001101000000 110010110000000
1 0110101111 1 00000000000000000000000000000000000000000000000000000000000000000000000000000000000000000000000000000000000000000000000000000101 011101011010000
1 0110110000 0 11010100000101110100110011011100000111111101101001100001110110110011001100110001101000010100011000010000000001101011110010010011 111101110100000
1 0110110001 1 00000000000000000000000000000000000000000000000000000000000000000000000000000000000000000000000000000000000000000000000000000101 111000101000000
1 0110110010 1 00000000000000000000000000000000000000000000000000000000000000000000000000000000000000000000000000000000000000000000000000000101 011111100010000
1 0110110011 0 01110011000101001000111000001010011010100000001000110010110010110011111101001101010111111010101110110010100011010100010101101011 111001101111100
1 0110110100 0 11110110101000100100010011010110001100010010010010101011001011000001011010011100010001101001010110101101001000010001110110100001 000110101101000
1 0110110101 1 00000000000000000000000000000000000000000000000000000000000000000000000000000000000000000000000000000000000000000000000000000101 111011110111100
1 0110110110 1 00000000000000000000000000000000000000000000000000000000000000000000000000000000000000000000000000000000000000000000000000000101 011011011000100
1 0110110111 0 11101010100101110011110110101001010101011101101111010111001100110110111111010001010011001001011011011011110110010110011000100010 000110111100100
1 0110111000 0 00011000100001100010110100110110011101000110101110001001010000000000111010000010111100101010010111101110011111011000100010001101 100011111001100
1 0110111001 1 00000000000000000000000000000000000000000000000000000000000000000000000000000000000000000000000000000000000000000000000000000101 111000001111100
1 0110111010 1 00000000000000000000000000000000000000000000000000000000000000000000000000000000000000000000000000000000000000000000000000000101 110101000111100
1 0110111011 1 00000000000000000000000000000000000000000000000000000000000000000000000000000000000000000000000000000000000000000000000000000101 000100110011100
1 0110111100 1 00000000000000000000000000000000000000000000000000000000000000000000000000000000000000000000000000000000000000000000000000000101 010101011000000
1 0110111101 1 00000000000000000000000000000000000000000000000000000000000000000000000000000000000000000000000000000000000000000000000000000101 101001111010100
1 0110111110 1 00000000000000000000000000000000000000000000000000000000000000000000000000000000000000000000000000000000000000000000000000000101 110110101100000
1 0110111111 1 00000000000000000000000000000000000000000000000000000000000000000000000000000000000000000000000000000000000000000000000000000101 110001100011000
1 0111000000 0 11000110001010011011110011010000010000011100011111011110100101000011100001011101011111000001001001100110100100101101110011111010 100010001001100
1 0111000001 0 01010011001110011011010111111111110111101101110101100100111110100011000101001101001110001001001101111101000110100100100100010000 001111111111000
1 0111000010 1 00000000000000000000000000000000000000000000000000000000000000000000000000000000000000000000000000000000000000000000000000000101 000111011101000
1 0111000011 0 10100001101110110010111011100000011011110001001111100101011000000000100011001000110010001101110000011100010000010010010010011011 111011101101000
1 0111000100 0 11000111111101101001111111001111100111000111011111100011101011001100000110011001001111011000100000010010110011001111100001000011 011010110000000
1 0111000101 0 01100010001000000011000100110111101000110010100110000010001010101110110011000010000100010101010000100010100000111001111000100110 010100100000000
1 0111000110 1 00000000000000000000000000000000000000000000000000000000000000000000000000000000000000000000000000000000000000000000000000000101 011101011000100
1 0111000111 0 01100000010011010001101111011101110110000010100111100011100100111011011110010000100010001011001000101001001000010010001101001000 000100111111100
1 0111001000 1 00000000000000000000000000000000000000000000000000000000000000000000000000000000000000000000000000000000000000000000000000000101 101011100100000
1 0111001001 1 00000000000000000000000000000000000000000000000000000000000000000000000000000000000000000000000000000000000000000000000000000101 100111111001000
1 0111001010 1 00000000000000000000000000000000000000000000000000000000000000000000000000000000000000000000000000000000000000000000000000000101 011000100101100
1 0111001011 1 00000000000000000000000000000000000000000000000000000000000000000000000000000000000000000000000000000000000000000000000000000101 111101101110100
1 0111001100 0 01111101100101010100000111000110000001110110001100001110000101110110010101000110011010100000011010011000001110101001110111101110 100101111100100
1 0111001101 0 00011000101011000101001111000010000101010000011000010101110111110001011111010101000010101111100101100100101100011011111011110100 000111001001100
1 0111001110 0 10011100110001101111101001000000000010011100111011100101111010100001110111000111111010111100001010110101100110100010000111110111 110101111010100
1 0111001111 0 11010001111100100110101010100000001111110111110111011100010101010100101101010111110101100101010111001011110010011100001011000101 100001110100000
1 0111010000 1 00000000000000000000000000000000000000000000000000000000000000000000000000000000000000000000000000000000000000000000000000000101 111011101100100
1 0111010001 1 00000000000000000000000000000000000000000000000000000000000000000000000000000000000000000000000000000000000000000000000000000101 011110000110000
1 0111010010 1 00000000000000000000000000000000000000000000000000000000000000000000000000000000000000000000000000000000000000000000000000000101 000110101100000
1 0111010011 0 10001110110010001101111110001111101001000110101001111000111010110100101000111011011111110100110101111001100110001000010111100000 000011000011100
1 0111010100 1 00000000000000000000000000000000000000000000000000000000000000000000000000000000000000000000000000000000000000000000000000000101 100000111110000
1 0111010101 0 01110110101100011000001010101000110100001101000010101111011101111001011011000001001001010010011000101000101111100110011000011011 101000110011000
1 0111010110 1 00000000000000000000000000000000000000000000000000000000000000000000000000000000000000000000000000000000000000000000000000000101 010001011000100
1 0111010111 0 01100000110011001101010001111100000000000010110110001011110001010110001011100000011011100110010001110110100000101000011100110101 110010101011000
1 0111011000 1 00000000000000000000000000000000000000000000000000000000000000000000000000000000000000000000000000000000000000000000000000000101 101100110010000
1 0111011001 1 00000000000000000000000000000000000000000000000000000000000000000000000000000000000000000000000000000000000000000000000000000101 000101101001100
1 0111011010 0 00001111001100010000110001110100111110101010111010001010011000101110011100010101100000111011101000100110000101000001111110001101 000010111100100
1 0111011011 0 01000101100110100001011101100111001010001000111000001100001101101110000000010000010011010110101110111111111010011001001100100110 011011000011100
1 0111011100 0 01101011001100010011010000100111001010000001011111010100101100000001101100110101001111110101110110101110011011010001011001001110 110100100100100
1 0111011101 1 00000000000000000000000000000000000000000000000000000000000000000000000000000000000000000000000000000000000000000000000000000101 111011000000100
1 0111011110 1 00000000000000000000000000000000000000000000000000000000000000000000000000000000000000000000000000000000000000000000000000000101 101111001100100
1 0111011111 1 00000000000000000000000000000000000000000000000000000000000000000000000000000000000000000000000000000000000000000000000000000101 111010100000000
1 0111100000 1 00000000000000000000000000000000000000000000000000000000000000000000000000000000000000000000000000000000000000000000000000000101 011011100010100
1 0111100001 0 01011110000001011010101011101010111111100101111110011011101010001110100011010100001101000001100101111110010101111001011010110101 111101010011000
1 0111100010 0 10101100110101100000111001111001000011011010101011111101010001110001001110010010010110010011101000101011000011001111100011000111 010100111011000
1 0111100011 1 00000000000000000000000000000000000000000000000000000000000000000000000000000000000000000000000000000000000000000000000000000101 011100011101100
1 0111100100 1 00000000000000000000000000000000000000000000000000000000000000000000000000000000000000000000000000000000000000000000000000000101 100110110101100
1 0111100101 1 00000000000000000000000000000000000000000000000000000000000000000000000000000000000000000000000000000000000000000000000000000101 011110111001000
1 0111100110 0 01000011110101101001100100000011111000101111100111110110101000110001101110011101111001011101111101010110011000010111100101000110 100010100000100
1 0111100111 1 00000000000000000000000000000000000000000000000000000000000000000000000000000000000000000000000000000000000000000000000000000101 011011100000000
1 0111101000 1 00000000000000000000000000000000000000000000000000000000000000000000000000000000000000000000000000000000000000000000000000000101 000101011111100
1 0111101001 0 01110000101001110000100111001101001111111010110111101000000011011110000100011101100111110111100010001001011111101001111000000000 000100111100000
1 0111101010 0 01000100010111111000001010000101011001011101001001000001000101001011111000100000100100110010110011011101000110011101011010010001 110001000101000
1 0111101011 1 00000000000000000000000000000000000000000000000000000000000000000000000000000000000000000000000000000000000000000000000000000101 110010001111100
1 0111101100 0 11101001001000000111000000010010111011011101101100100110111110001000010000010000010100011010001111001010011110000100010010011010 010101100000000
1 0111101101 1 00000000000000000000000000000000000000000000000000000000000000000000000000000000000000000000000000000000000000000000000000000101 001101010001100
1 0111101110 1 00000000000000000000000000000000000000000000000000000000000000000000000000000000000000000000000000000000000000000000000000000101 110010001000100
1 0111101111 1 00000000000000000000000000000000000000000000000000000000000000000000000000000000000000000000000000000000000000000000000000000101 111100000111100
1 0111110000 0 01100111000000001011001110100001101001111110101100001010010001100000011010000010010001110000011101011011111000010100101101101100 110101111000000
1 0111110001 0 10001100010100011001100111000101111100010010111001100000100001011010101110010110001000001111010000011000111111001110010000110111 011100000010100
1 0111110010 1 00000000000000000000000000000000000000000000000000000000000000000000000000000000000000000000000000000000000000000000000000000101 010000011001000
1 0111110011 0 11001111110101111010010010110110101111001101000011001000101011111000010110010010101011000000100100110101101100011001001110100001 001111010110000
