1 100101100 0 1010100110011010100100110001110001100011011001111100011010001011 101010000111100
1 100101101 1 0000000000000000000000000000000000000000000000000000000000000011 010011011100100
1 100101110 0 1000100010010101111101111000001101100110000101010111010110101010 100011001010100
1 100101111 0 0111010110010001110100000011010101010011010000110011110101010101 101010101000000
1 100110000 1 0000000000000000000000000000000000000000000000000000000000000011 111101000000100
1 100110001 0 1100111000010110110001010111110111111011111010111101000101010101 101010011101000
1 100110010 0 1101100011101000110111000010011010100110001111101010011000011111 001110101110100
1 100110011 0 1010110011101101000000101100110101100011001000101100011010100011 111011010010100
1 100110100 0 1011100001101101110011001101110110111011011111100101001100010110 100000000101100
1 100110101 1 0000000000000000000000000000000000000000000000000000000000000011 000111100111000
1 100110110 0 0011001011010100011001000111000110111100111111010111100000011010 001001001011000
1 100110111 0 1100001111101100101010100000010110010000100101010000110001101110 001110001101100
1 100111000 0 1111101001001111101011010001001100101011111001110100111001000001 100000101111000
1 100111001 0 1111000010011001011100011111101001110100001010000110101011110110 011111101110000
1 100111010 1 0000000000000000000000000000000000000000000000000000000000000011 011100000010000
1 100111011 0 0110000011100110111101110010011001000000101000101100101010101001 011000000010000
1 100111100 0 0111110011011010101111111000111111000000011010011111101010110000 011010111111100
1 100111101 0 1100000011100011110001010100111000000010111110100111110001101100 000110011111100
1 100111110 0 1000010111110100001001111100101001110010101111000100100101000101 100111001010000
1 100111111 1 0000000000000000000000000000000000000000000000000000000000000011 001011010111100
1 101000000 0 1010000101010100111100001110100100010101111001010010010001110010 000110100011100
1 101000001 1 0000000000000000000000000000000000000000000000000000000000000011 111010010100100
1 101000010 1 0000000000000000000000000000000000000000000000000000000000000011 010011111101000
1 101000011 0 0111010011101000111011100000110011010001101100100011001011001001 010000110110000
1 101000100 0 0000010101111001111000110010111000110001101001110000101100101000 001001101101000
1 101000101 0 1110010001000100000000010100111100100110100001111111110010010111 101101110101000
1 101000110 1 0000000000000000000000000000000000000000000000000000000000000011 010010101100000
1 101000111 0 1001110110001111001110010011001001111110010001100011000011100101 111101111011100
1 101001000 0 0010010101100111001110011110110111110010000000110011101110110000 100001110101000
1 101001001 1 0000000000000000000000000000000000000000000000000000000000000011 011111010110000
1 101001010 1 0000000000000000000000000000000000000000000000000000000000000011 001000011111000
1 101001011 0 1010111100010000110111110111110101111011011110111000011100111011 101100110001000
1 101001100 0 1011101000000111001011101111111111011111110100011101101001100100 001010111100000
1 101001101 0 0111001110000101101010111011100010001001101011001110000111101010 011000001100100
1 101001110 1 0000000000000000000000000000000000000000000000000000000000000011 100111100101000
1 101001111 1 0000000000000000000000000000000000000000000000000000000000000011 100011100100100
1 101010000 0 0011110100100000111101111101101110110111011111001101001010000101 010101111111100
1 101010001 1 0000000000000000000000000000000000000000000000000000000000000011 101101001010000
1 101010010 0 0100001100111000010101111100010011110100000110011110010110011101 110000001101100
1 101010011 1 0000000000000000000000000000000000000000000000000000000000000011 011000100011100
1 101010100 0 1100000010010110001010111011101001101111100001001010101000011001 010000101000000
1 101010101 1 0000000000000000000000000000000000000000000000000000000000000011 000001100011000
1 101010110 0 1011110001000111111001000110000110001111000110100000111011100011 001010011100100
1 101010111 1 0000000000000000000000000000000000000000000000000000000000000011 011010001111000
1 101011000 0 0110011101101001100010101001100001010111011011000011011000100101 101110010001000
1 101011001 1 0000000000000000000000000000000000000000000000000000000000000011 011111110111000
1 101011010 1 0000000000000000000000000000000000000000000000000000000000000011 100000100100000
1 101011011 0 0001001001111001011111101110011110111100000001101100010011101110 110001011110100
1 101011100 0 1011101110001101110010111110101000011001101101111101111011011011 111110011110100
1 101011101 0 0100110110000011101010110100111101011001100110001110111000000011 010111010110100
1 101011110 0 1000000010001011101011001010101101001011000001110010000011011000 000110110000100
1 101011111 1 0000000000000000000000000000000000000000000000000000000000000011 110001010101000
1 101100000 1 0000000000000000000000000000000000000000000000000000000000000011 001011011101000
1 101100001 0 0010011101111011101101110010000000010111110111111000100100100101 100101110110100
1 101100010 1 0000000000000000000000000000000000000000000000000000000000000011 110010000101000
1 101100011 1 0000000000000000000000000000000000000000000000000000000000000011 100010001001100
1 101100100 0 1100001111000110001011110010100000010110010110001100001110010000 010101001101000
1 101100101 1 0000000000000000000000000000000000000000000000000000000000000011 001010100010100
1 101100110 1 0000000000000000000000000000000000000000000000000000000000000011 101100111100100
1 101100111 0 1010100010110001101111100011000000111000110110111101111110011111 000011100000000
1 101101000 1 0000000000000000000000000000000000000000000000000000000000000011 101000000100100
1 101101001 0 1100110100010011010011101001111010000100110000111101110100010101 010101011010100
1 101101010 1 0000000000000000000000000000000000000000000000000000000000000011 010101111100100
1 101101011 0 0011110001101011101110110001000000100001111011101000100011111000 100101011100100
1 101101100 1 0000000000000000000000000000000000000000000000000000000000000011 001111100010100
1 101101101 0 1001100000101101000001110110011000111111111100001100101100001001 001010110000000
1 101101110 1 0000000000000000000000000000000000000000000000000000000000000011 100000111011100
1 101101111 1 0000000000000000000000000000000000000000000000000000000000000011 111000000110100
1 101110000 0 0110011011010000111000101001111100011001011001110100010000010001 011000111011000
1 101110001 1 0000000000000000000000000000000000000000000000000000000000000011 011101010110000
1 101110010 0 0011111110010100010001000111000100010101111110000000101111101000 111101111001000
1 101110011 0 1011101001011011001100111110000011111000101110011011001011110010 110000001000000
1 101110100 1 0000000000000000000000000000000000000000000000000000000000000011 010110110011000
1 101110101 0 0011000100110010101110111110001111011110111011111111001011100110 011101110010100
1 101110110 0 1100110011011001000010011110000010110000101000000111011100011000 011010101110000
1 101110111 0 0011001101010011010110110010010111100010100101110011111111101011 000111011010100
1 101111000 1 0000000000000000000000000000000000000000000000000000000000000011 111010111110000
1 101111001 1 0000000000000000000000000000000000000000000000000000000000000011 111011110001000
1 101111010 1 0000000000000000000000000000000000000000000000000000000000000011 011011010111100
1 101111011 1 0000000000000000000000000000000000000000000000000000000000000011 000101101001100
1 101111100 1 0000000000000000000000000000000000000000000000000000000000000011 110010101110000
1 101111101 1 0000000000000000000000000000000000000000000000000000000000000011 000011101010000
1 101111110 1 0000000000000000000000000000000000000000000000000000000000000011 101110001101100
1 101111111 1 0000000000000000000000000000000000000000000000000000000000000011 000110011010000
1 110000000 0 0001000010000110101101011001111100001111000101110100000110010101 110000101111100
1 110000001 0 0011100111111101110000001100111001001110111110011111000011010010 111101010010000
1 110000010 1 0000000000000000000000000000000000000000000000000000000000000011 111110001111100
1 110000011 1 0000000000000000000000000000000000000000000000000000000000000011 001001001100000
1 110000100 1 0000000000000000000000000000000000000000000000000000000000000011 010011110011100
1 110000101 1 0000000000000000000000000000000000000000000000000000000000000011 000111000101000
1 110000110 0 0011011100111110100111001110001011100111101011001101011000111111 111101101101000
1 110000111 0 1110010101101111000110101111001011100010001111110010000000000001 011001100011000
1 110001000 1 0000000000000000000000000000000000000000000000000000000000000011 010110000111000
1 110001001 0 0011011110000100100010010100100010100001101101101110011111110000 100101011101100
1 110001010 1 0000000000000000000000000000000000000000000000000000000000000011 101011111001000
1 110001011 0 0011111000100111110010010111100010000100110000000010100010100000 010101110111000
1 110001100 1 0000000000000000000000000000000000000000000000000000000000000011 100011011011000
1 110001101 0 0010111101110111010110000001010001001001001010110010100100110100 001101011011000
1 110001110 0 0101101111011111001101101000101011101100000011100101001100001001 010000101101000
1 110001111 0 1000100110011111100100011000001101001101101010110000000001100100 111101101010100
