1 0100101100 1 00000000000000000000000000000000000000000000000000000000000000000000000000000000000000000000000000000000000000000000000000000100 100101101101100
1 0100101101 1 00000000000000000000000000000000000000000000000000000000000000000000000000000000000000000000000000000000000000000000000000000100 100011001010000
1 0100101110 0 11000011100011000110001101111100101000100100011110000010101000000100010000000011110110010101101100100110100110000110101100100111 011010001000000
1 0100101111 0 10100111010101010011110100111110110010001111100111110101000110100100001010111101101011111001110110100101001000001101100000011100 011010100010100
1 0100110000 0 00101010001101101100011011000001101000111011000111110001001111010101100101001010111111101001000011111111010110000011111111000000 000011001100000
1 0100110001 0 01101101010001110000101110110110101110011111011011000101111100100100111100111000011110010001010010101110111001001010001100111110 100011010010000
1 0100110010 1 00000000000000000000000000000000000000000000000000000000000000000000000000000000000000000000000000000000000000000000000000000100 111101110000100
1 0100110011 1 00000000000000000000000000000000000000000000000000000000000000000000000000000000000000000000000000000000000000000000000000000100 011000011000100
1 0100110100 0 10111010111111111100001010001100101001101000101010011011000101101011010111101101100111100010101100111110000000000101011000010011 010010100101100
1 0100110101 0 00001000011010010011010010100011000110011001110010110010000110010100100010110000100011110110101100101110110000011100000101110011 000010111101000
1 0100110110 0 11010011001000011011001011011101100100011010100001111001100010000100111110000001011111101100010110100011111111000110010001110000 111011100101100
1 0100110111 0 11001111100010001011000110111000011010011011110010010101001011111100001000110111011001101011100111001110001001001100111010100000 100011100001000
1 0100111000 1 00000000000000000000000000000000000000000000000000000000000000000000000000000000000000000000000000000000000000000000000000000100 000001110111000
1 0100111001 0 11001100000010010011111110000100111011110011010001110101110110110001101010100100110101111101011100000000001011111010110110000100 111010101110100
1 0100111010 0 11011001010111100001010001111111000101011010110000011110001100001010111100101011101001001101110010010111110010000101010011111010 011010000001000
1 0100111011 0 11110101010101111011011101010100010000010100010010100010011010111000001011001101010111100110111011100110100101010110111100000111 111100000010100
1 0100111100 0 10100001011001001111000011111011010110001100100110101000010011111000001111001001100101010000110101010010101011100000001101111011 110001011111000
1 0100111101 0 00001101000011101100011101111111001101110101110110100011001110000010011011010100011010001110011011101001010001001111011110010111 100101101101000
1 0100111110 0 11010100010101100000100101101100010100100011100111110101011101010010111110010111111111010100101010000001110101101000010110111000 101101110111100
1 0100111111 1 00000000000000000000000000000000000000000000000000000000000000000000000000000000000000000000000000000000000000000000000000000100 101010101101000
1 0101000000 1 00000000000000000000000000000000000000000000000000000000000000000000000000000000000000000000000000000000000000000000000000000100 010001001010000
1 0101000001 0 11111101110100011001001110111100000110010111001010000011111001101100111111010100111011110100011011101000010110101010011110101101 100010011000100
1 0101000010 0 10001111011101100010000011101001010011110010101110101110011101111111001110000011101010101100101001110011111111110011100011111101 000011011001100
1 0101000011 0 01110111001111100000011111100110101000011101000001100100110110010011100001011010000010111101001111010001010110110001011000101100 011000111011000
1 0101000100 0 10100000011111001000000001000011111110010101011000001001100001000000101011010100001011100010101101010111111101010011111101000101 011001010100100
1 0101000101 1 00000000000000000000000000000000000000000000000000000000000000000000000000000000000000000000000000000000000000000000000000000100 110111111000100
1 0101000110 1 00000000000000000000000000000000000000000000000000000000000000000000000000000000000000000000000000000000000000000000000000000100 011010001011000
1 0101000111 1 00000000000000000000000000000000000000000000000000000000000000000000000000000000000000000000000000000000000000000000000000000100 100001111101000
1 0101001000 0 11000111111110111011001000010100111100011111101001000111101001110110111100011110110110000111010001000000011010111111111101111011 000110100100100
1 0101001001 1 00000000000000000000000000000000000000000000000000000000000000000000000000000000000000000000000000000000000000000000000000000100 110010000110100
1 0101001010 0 10010110011011001010100111001001101001110001100011000111001010001101000000010001011110101101010111101001000010101010101000111111 110101011000000
1 0101001011 1 00000000000000000000000000000000000000000000000000000000000000000000000000000000000000000000000000000000000000000000000000000100 100000000100000
1 0101001100 1 00000000000000000000000000000000000000000000000000000000000000000000000000000000000000000000000000000000000000000000000000000100 100111111110000
1 0101001101 0 00110000001011101111100110101011111110110101010010001111000101110110000000001111011001011011101111100101111100101000001100100001 111000111000100
1 0101001110 1 00000000000000000000000000000000000000000000000000000000000000000000000000000000000000000000000000000000000000000000000000000100 001000101000100
1 0101001111 0 10100110001100101111001110010100100010111011101000000001010000111110100010001111010101001000000110001001000010011000111110111101 000100011011100
1 0101010000 0 10010111100100110110111110011111011100011101011111000011110001011110110101011101101101010100100001110100101111101101011000000000 110010111100100
1 0101010001 0 01010110101010101001101011101011101100011100000000111011100111010001011010010101010111110001011001110010000111111011110110001011 100001000100000
1 0101010010 1 00000000000000000000000000000000000000000000000000000000000000000000000000000000000000000000000000000000000000000000000000000100 110000001011100
1 0101010011 1 00000000000000000000000000000000000000000000000000000000000000000000000000000000000000000000000000000000000000000000000000000100 111011010100100
1 0101010100 0 00011101111100011011111001001100010011111011101110011101010100011111101101000000000001010100001101100010100011100010100011000010 000010101000100
1 0101010101 1 00000000000000000000000000000000000000000000000000000000000000000000000000000000000000000000000000000000000000000000000000000100 011011101110000
1 0101010110 1 00000000000000000000000000000000000000000000000000000000000000000000000000000000000000000000000000000000000000000000000000000100 010111000010100
1 0101010111 1 00000000000000000000000000000000000000000000000000000000000000000000000000000000000000000000000000000000000000000000000000000100 101110001111000
1 0101011000 0 11100100000110101111101111110011010111011111100010001011110100001011010101001000101000000010010110100101010001101010011011011100 001101111111100
1 0101011001 0 11000001111010001111000100101101111010110010000100111000110101110011001101110010111100100111111011101100110010000101010111111110 011011000010000
1 0101011010 0 00000111101000011000000111001001110101011000111001111010010110101101001111011101010111110110110110010010001110010000010011011011 000100101100100
1 0101011011 0 00011111001111111001111110101010010010101011011100001001001100001100001001010000111111110001100100010110001110000000111101111111 100101111110100
1 0101011100 1 00000000000000000000000000000000000000000000000000000000000000000000000000000000000000000000000000000000000000000000000000000100 111011110000100
1 0101011101 1 00000000000000000000000000000000000000000000000000000000000000000000000000000000000000000000000000000000000000000000000000000100 101101001111000
1 0101011110 1 00000000000000000000000000000000000000000000000000000000000000000000000000000000000000000000000000000000000000000000000000000100 011111111010000
1 0101011111 1 00000000000000000000000000000000000000000000000000000000000000000000000000000000000000000000000000000000000000000000000000000100 101010111110000
1 0101100000 0 00111111110101011011111001001011010001010010000111010101110000001011111010110101110001110111011110000000000100000010101111001111 000011011101100
1 0101100001 0 10000111110100110110000111100000110000111111011011000100111110001100100101111010101101011101101011110000111110111011100000000000 001010111111100
1 0101100010 1 00000000000000000000000000000000000000000000000000000000000000000000000000000000000000000000000000000000000000000000000000000100 011001000101000
1 0101100011 0 10110010011111111010100000110001101001001001111010101001001110110010010111100100000110100010101110010001111011001110000010000101 110011011100000
1 0101100100 1 00000000000000000000000000000000000000000000000000000000000000000000000000000000000000000000000000000000000000000000000000000100 011101011101100
1 0101100101 1 00000000000000000000000000000000000000000000000000000000000000000000000000000000000000000000000000000000000000000000000000000100 011001000011000
1 0101100110 1 00000000000000000000000000000000000000000000000000000000000000000000000000000000000000000000000000000000000000000000000000000100 110011011000000
1 0101100111 0 10010011110111101101010011100100010011001110111111011110100000000111000111101010000000000000011101100010000001001100100111100011 111000010101100
1 0101101000 0 01100100010000100110101010000110101110011111110011000000000001101101011111000010110000011001010000111000011101010011001000100100 001100110111000
1 0101101001 1 00000000000000000000000000000000000000000000000000000000000000000000000000000000000000000000000000000000000000000000000000000100 000010000011000
1 0101101010 0 11011111001111110100101100010110110011011111110110000010110110011110001100010101110011011110000101101011011010001001110000111001 011000100000000
1 0101101011 0 10100100110111010011000001100011000110100101001010111011000001111101100101000010101111101001101001011011110011110000000100100011 101010101001100
1 0101101100 1 00000000000000000000000000000000000000000000000000000000000000000000000000000000000000000000000000000000000000000000000000000100 010001000111100
1 0101101101 0 00000000000101010110111011010101001011010100100100010010011010101101111111111111000101100000010100101010001111111001110111111010 010110100000000
1 0101101110 1 00000000000000000000000000000000000000000000000000000000000000000000000000000000000000000000000000000000000000000000000000000100 100010010001100
1 0101101111 1 00000000000000000000000000000000000000000000000000000000000000000000000000000000000000000000000000000000000000000000000000000100 001010001101100
1 0101110000 0 01110101110000111000101010111100011011011001100100111111010111110010010001001101001110000110001010000100011111101110010111001101 110101100111000
1 0101110001 1 00000000000000000000000000000000000000000000000000000000000000000000000000000000000000000000000000000000000000000000000000000100 111000011101000
1 0101110010 1 00000000000000000000000000000000000000000000000000000000000000000000000000000000000000000000000000000000000000000000000000000100 011000010111000
1 0101110011 0 10011111111000110111010010100011001000011011011101000000110010010100111011100111111101100001110100111010011001100000100001111111 000000101111100
1 0101110100 1 00000000000000000000000000000000000000000000000000000000000000000000000000000000000000000000000000000000000000000000000000000100 101011101000000
1 0101110101 0 11001100010000000001110011001100011011011000011101000011100110100010100010000100000000100111101100110010011101111001101101100000 011011001111000
1 0101110110 0 10010010001100111100010101011100011001101100010010101110100111111001110011101000010111010010100111011101010010011111110110100100 100010100110000
1 0101110111 0 00111010010000000000110101000111001101010011111001010111110110010111010110111101110010101110000011010101111011011011010101001110 011101110010000
1 0101111000 1 00000000000000000000000000000000000000000000000000000000000000000000000000000000000000000000000000000000000000000000000000000100 101001011101100
1 0101111001 0 11101100101100010110100000011011101011100100001101001001001101100001011100000110001011001001011100101010001111001100101011010010 101010010101000
1 0101111010 1 00000000000000000000000000000000000000000000000000000000000000000000000000000000000000000000000000000000000000000000000000000100 110001101010000
1 0101111011 0 11000101100110010010000010101111001000101100001101011010101000101101010010101111111101101011011001001000111000001011100110001010 001111100010100
1 0101111100 0 11110101001010100001110101010111010111111101101000100100001110011100001011010111101000111101100111111100100001001111000111001011 000011010101000
1 0101111101 0 01010100100001000110101010111001101001111011000011100001001101000101110001111101100110110001001000110101000001010011001101011000 101001001100000
1 0101111110 1 00000000000000000000000000000000000000000000000000000000000000000000000000000000000000000000000000000000000000000000000000000100 010101110010100
1 0101111111 1 00000000000000000000000000000000000000000000000000000000000000000000000000000000000000000000000000000000000000000000000000000100 000001011101100
1 0110000000 1 00000000000000000000000000000000000000000000000000000000000000000000000000000000000000000000000000000000000000000000000000000100 010110011100100
1 0110000001 1 00000000000000000000000000000000000000000000000000000000000000000000000000000000000000000000000000000000000000000000000000000100 000010100000100
1 0110000010 0 11001110100101010000010101111110111001000100011100000100010000111000001011110000110001100010100111110101010110010101000001011100 110110000110000
1 0110000011 1 00000000000000000000000000000000000000000000000000000000000000000000000000000000000000000000000000000000000000000000000000000100 010110001101000
1 0110000100 0 10101110111101000001001110011100101001011110010100110010000110110001001111111110111011101101101101001101010111100110100001110111 101100100010000
1 0110000101 1 00000000000000000000000000000000000000000000000000000000000000000000000000000000000000000000000000000000000000000000000000000100 010011001011000
1 0110000110 1 00000000000000000000000000000000000000000000000000000000000000000000000000000000000000000000000000000000000000000000000000000100 110000011110100
1 0110000111 1 00000000000000000000000000000000000000000000000000000000000000000000000000000000000000000000000000000000000000000000000000000100 101001100011100
1 0110001000 1 00000000000000000000000000000000000000000000000000000000000000000000000000000000000000000000000000000000000000000000000000000100 111011111111100
1 0110001001 0 11110110100111011101010111110001111110100000001010111100110010011010110000001111111111000111001111100111000101101010011101001000 101110110111000
1 0110001010 0 00100100000001110110001100010100010010101110010010111110000101111101110010100101101110110010011100010000101011011101111001101001 000001110011100
1 0110001011 1 00000000000000000000000000000000000000000000000000000000000000000000000000000000000000000000000000000000000000000000000000000100 110111011100000
1 0110001100 0 01111111001101110101110110100011000101100001111111000110010000100100001111101100101111101111001010010110100110110101000100111111 010000100000000
1 0110001101 0 01100010110100101101101100010110001011110011001100011011010011001101000111011111001000101100000101101010101000000001101000011110 011001011110000
1 0110001110 1 00000000000000000000000000000000000000000000000000000000000000000000000000000000000000000000000000000000000000000000000000000100 101101110100000
1 0110001111 1 00000000000000000000000000000000000000000000000000000000000000000000000000000000000000000000000000000000000000000000000000000100 000110011010000
