1 00111110100 0 10000010110010010010000110011110101011111000000111011001110100110000111011110100010011001110010101110110010000000011000011101001 110111000001100
1 00111110101 1 01011001111110001111110011110001111110110011111010111111100011000111111001011101110111100001100101111110010110010011101101000011 010101001101100
1 00111110110 0 11100001110011111000110101101110110100010000011001000101111100111000001111110001001101010010111110100110111000111011111000001010 011100001101100
1 00111110111 0 10101000100100110101111011000010100001111110000100011110100010011000010101010010110010011000001000110111101000011000001001110101 001000010100100
1 00111111000 1 10110100111001000001101111110100010000110001010000100101101011101001110011100110011101111111010100001110000111101011100100001000 101110101111100
1 00111111001 1 00110000000010111111010100101011101110101000100111111111101110100010000011001111111110100110010011111000010011111101001011101100 001110110010000
1 00111111010 1 11000000110001100011000001000000100100110100110010110000010100101101110101110100100001010111100010000000110100110000100100100111 101111001010000
1 00111111011 0 10010010001010011110111010111011011110111110010000010000111010100101011001010000110111000011111010010110100010011110010011100110 010010010100000
1 00111111100 1 00101001011101110100100010000001011011001110000010110110010111010000001110100110111101000011111001100011100100110100010111010100 101000010100000
1 00111111101 1 11111110110011010100010101011100001010011000001101100010100000101001100100011101100101001110011001010101101001111101010101110011 100010000011000
1 00111111110 1 00011010111100001101100000010110111000001010000010000001001111011011001001100011111101000101101000001111110000001111101010110000 110011110010000
1 00111111111 0 10100111111111000001110000110010111000011110100001010001101001010111001101101001000110110111000010011010110000000101001001001000 101011100100000
1 01000000000 0 00101100010011011111001001110000010001100101111100000010111011001001100001100111100000111101000000100111110111101101101010011111 100101100100100
1 01000000001 0 01110100001010101010111000111111011011010010000110100011101010000000010100100000111001001110101101001001111001011001001010100110 100000000010100
1 01000000010 1 00111111101001001111011010100000011010110100101110111100011111101000100110110010001011111010000001001111000000010110100011111101 110001110011100
1 01000000011 0 01100000001010110111100001111100111110010000110100110100000110001111001001010011001010011100111011101111001111010000000100111000 101100101100000
1 01000000100 1 11000110001100011011110110000001010000010111001111101111010000100000111110100011000110110011100010100001100111001001011011010001 110111111010000
1 01000000101 0 01110101011110110000111101000001110101010010100010111100111000101101110011111101101011010010011010010001101101100110111011010111 010100111111100
1 01000000110 1 00100001010110011010010010111000010000000011101010111111010001101110100111100100000000110011010000111001000011101001011010000000 100010110000100
1 01000000111 0 00110010010110000001110111101100101100110010110110010001110001000011110001011001110101100101010101001101101010111101111011110010 111011100111100
1 01000001000 1 00010001110001101000110101100111011110100111110001000001111110010010101101010101111101100110010110001111011000010110100000000110 110010100001000
1 01000001001 1 11111001101110001100100011010101111100000011010011101110010110100011011101011011101011001100110101000101101110011010111010000100 011011101101100
1 01000001010 1 10110001001011011100111010100010011111111111101000000011101010101000000010001000011000000101000011001100001001001000101001111111 000111011000000
1 01000001011 1 01110000111001100000000110011100111110001010000011100010101101110111010001011110100111101010011111100000000000010010100100110011 101011101010100
1 01000001100 1 00111000001100111100101100101111110110000100110011101110011000011111001100101011001000100000111010101011110011000100110110010000 000010001110100
1 01000001101 0 11001101000001011101101110011101000000011111010110001110101010011101111000101111000110110111011110010110100011101111101101010010 000001101011000
1 01000001110 1 11010010101101000101101100100100011000000001010011110101111111001100000000001010000110000110011010011000100101111101100001111110 001001011001100
1 01000001111 0 00100000001000111000101100100100010111111110001001101110000101001001101111010011011010000010111111101010000101010110110010011000 110011110111000
1 01000010000 0 11101001111000110101110110101110001100100100100011000100000110110010010011101100000101010001001000100001101001011110011001101010 000001100101000
1 01000010001 1 11100001000110001001101111001111110000000000000000101111101001100101010110101011111011110110000100011111011001010101000000010111 001010110100000
1 01000010010 0 01111110100001000110011011011000001010101100111110110100000111101100011001001011001111111110101101010111100101001100001010100100 010101101100100
1 01000010011 1 11101111111111001111000100101101100000010001101000010000110011011011111111111000010011011100100001111110010111110011100001010100 110110011000100
1 01000010100 1 10111001110100010010011101100010011110100101000000001100110011111111001000111101001010000011100000101010001110001001101100011101 000011110011000
1 01000010101 1 10110101110011100000010000111000000110111111111001011001100011100101100001101101000000100111111111011000111100011010101111010010 001111100000000
1 01000010110 1 00010010010001010110110101101000111010101111110101110000110100000101000101110010111111010100011011010010100111011001000000000010 101011101101000
1 01000010111 1 11101001011001110110000011001101011110110000001101000010111011110100111000010000101100111100100110010000111100110110010101010010 101100110011000
1 01000011000 0 00100001110100111011111000101001101111010111101010100000010111100111110011100111001110101000101001001000100110010000001100011101 001001111010100
1 01000011001 1 01000101101101101100010101001110100000110000001000100100100101100111001010100011000100111100111111011010000001110110000011000010 010100011110000
1 01000011010 0 11101100110010011000001001011011110010000010010100001001100000110110000101000000000101001001101011010000110111000000110110111011 010111011001100
1 01000011011 1 11110101000101111010111110100100010000110101110101110001011110001011100100011010101000101110110100100001011101110100110101111100 000111110111100
1 01000011100 1 00111110011011010101101101111111100100111101100100000111011000011101001011010011100110011100000110100101000000000110110111011000 001101100001100
1 01000011101 0 10110011110110101110110010010110001111000001011110001101011111000011110111111011010101111001100010111011110010010100100011101010 101111101100000
1 01000011110 0 01000100111000110011111111000110001101011010111110011001101100111000100100010001100000011111100101110001101100010101110010011110 010000010000000
1 01000011111 1 10001111101110110001011000011101000010100100001010000001110110111000111000010001010000001001000100110000111011111111100011011100 011011100110000
1 01000100000 1 10101010001111010100000111001001101010110110010111110011000110110111010001100001111000010011011111000101110100110011001101110011 000010001101000
1 01000100001 0 11110010010101011101010111101010001101011101111000100101001011110101011000111101010010111000100001011101000001000100010001001101 101111111011100
1 01000100010 0 10000110001010111100110111100111101000010110111101101010110111100110110001101010010000010010011110110010010110001111001101010101 111101110111100
1 01000100011 1 00110111011101110100001100000010111111110000110010101011111011011111110110101011010001110100000000110011111001100010010000010101 110110000111100
1 01000100100 1 11001000011010010001010100001100010001100101010000111000001111001000111110111010100000110101111001011111000001011011111011001000 010000000001000
1 01000100101 1 00000101010010101111101011010010101000110001100011100011101001101111100001001010101011001010111100100111100010010011001011100101 001100100101000
1 01000100110 0 11111010101100101010110101100101010100011111001100111111001110110101010111111000000001000110011110001111100100110101101010010000 000101011100100
1 01000100111 1 00111011011101010001110101100010101000111100111101011011011011001111001111110000000001001101110110111101011000100010011110010000 111011001011000
1 01000101000 1 00111111011110010010001011001101111010100100101010011001100001110000111001010111100000100000001010101000000010110000111000111011 111101110010100
1 01000101001 0 10010011010101001000100111001001000001011000010101111101100110011110101101011001010111100101110000111001111010010010000101110101 101101100110000
1 01000101010 1 00001111100101100110001101110010101011110011011100100011101010000000100110100001010011100000011011100100001100001010011000110001 100101010101000
1 01000101011 1 11111110001000101001110100000100101111001110011010000011011011000001100111010111000001011110100001111011111100110010010110001110 011000010101000
1 01000101100 0 00011110000110100111111000010011001100001110111100110010110100111111100000001111011011011101111000010010111001110001001111010000 000011111011000
1 01000101101 0 00110001010101110001000011000011111111010111000000000110100101011010011100001101101001001000111000101000010111001111111011011010 100111001001000
1 01000101110 1 10010110110011110101110010100000101101100110011101011101101111000001100000100101000001001010110010001000010100100010000111100101 110011000000000
1 01000101111 1 11100001101100111001100101001000101011000110110010101110101110011001011101011001011000010011110101101001110000101011100101011101 110010111100000
1 01000110000 0 10101111001100001100001010111011100011011011111110101100010110010100011110101101111100100011100001100000010010011110010011011011 001101110000100
1 01000110001 0 00010011101001000111101011000001110101100100110111110011001001111101101001110000101110011000011001010001010111111000000100110010 010011001011000
1 01000110010 0 11000001110000100011011101110110101010111101101011000110000001110111001010100110000100101010110101101000011000011101011110011101 011110010101000
1 01000110011 1 10001010000001000001011110110110000001100000001000101100110100001100000110101101110010110111011010110111001101001100010010001011 110010010010100
1 01000110100 1 01100111111110101101100010100011000001011111000100101010101111100101111000000111011100100100111011001000011110010010000101001001 001100101010000
1 01000110101 0 01001010101011001000100010001010100111111010001011110010011111001011110000111011001000111101011110011000000000001100011100101011 110000010000000
1 01000110110 1 00110001110110010001110010101001111110011110000001010101001000100011110111010000001100100100000111110100111100001010110001110111 110001101010100
1 01000110111 0 01011110111001100111111111000111101110001011010100010011010101110111111110111000100000101001000100101000010111111101111001001110 110001010100000
1 01000111000 1 01111101010100000101111011010111010100100100111100010000100100011110110000011000100010101000010110011111001100111001101101001001 001000010010100
1 01000111001 1 00010111100100111001111111000000100101001101000000101001110100000111011000011110011110101101110000101010001100001100111110110011 111011011111100
1 01000111010 1 10101110100110101100110110111101110100111101000111111101011100110100111010111100101111001000010110111000000100110100001111111111 011000000110100
1 01000111011 0 10011011111100110111011000000001001101011000011110000111100000010111010100101010101111101001010010111110111110000101111001011101 101011111000100
1 01000111100 0 00101000111001010111011000011011101101100100111010100011000111110011101010011000111001111011110010011111011110001010110010000101 001001000011000
1 01000111101 1 10010001110011101100111100010000000010101011111111100011001010100001100111000000101010001011110000010110010101001100110001001001 110000111000100
1 01000111110 0 10000010110111001101011100000000000010010111001001011111010111110001100111010000111100110011001100110100001000001000011101100011 010011101100100
1 01000111111 1 00010010011101000010011000000011000011011000110010000100111011010101010010010101100010111111001011111001010101011001011001011010 000100010101000
1 01001000000 1 11011110100010010101111101110111010100011101110101000111010110111111001101111011010001010010011011111100000011111000001111111001 110111111111100
1 01001000001 0 00100100101101010000000001011111010011000000100000100100001110010111110001101110101001111001001110100001010001110011101010100000 010101101110000
1 01001000010 1 10100100110011000101111111100001011100001101100111000010010011011101101011101000010010011010101010110011100100110100010111011100 101111010000100
1 01001000011 0 11110111000110111110111010001101101100010111100001001110011100111010101110011101010100011100111011011010010100000110010000001010 110100111011100
1 01001000100 0 11000011010110011010010100010011101111011000100010100010001100101101101000100000100000110100101100100111000100000010000111011000 000111011011000
1 01001000101 1 00000101101110100110100000101011101110100011110101001111100011110111100101100111111111001110111010110101000111111100101111101100 011110110010100
1 01001000110 1 10110100110111101010110110001100001100101100010111101010101110111001010011110110010111011110000111000110111001110110110000100110 111001000101100
1 01001000111 0 11100010001010110100000011110111011110010001110110101010001110111111110010110011001111000001010001011110011110000110011011100000 111100110110100
1 01001001000 0 11001100010111100010001100111110111010110011001000010101011110011011110010110010100110101100111111110000110100000000000011110000 101001000010100
1 01001001001 0 00110110001011011110010110000010011101011011000111000001100000111111011101000000000001101001001000110010101110001110110001000001 110010110010000
1 01001001010 0 11110010110101100010010111111100101110110001000001001101000111001011110011111100011101111011011000011010110001111001100100111110 100110010111000
1 01001001011 1 10100000001011101100111001101100010101001001101001000101111101111000111011011010001001111001010111101101101100011111000000110100 010101010000100
1 01001001100 0 01101111111101010010110010101010010000010000011011101011011110000010111110110010010111100000001000101110000010100101101010110011 011011011011100
1 01001001101 1 11110101000110111000101001100001000010011001110000101100100010001111000100000011011100000111111111110010001100011111111111000010 001001001011000
1 01001001110 0 10110110000010100110000111110011111000010101110001110100010110110111010011100000010010101011100001000011111110011101101101111100 000011110110100
1 01001001111 0 10011111010110011100010001101100011111101000000010000101000111100100010101000000111000000100000100101110010010001000000111001010 000111011101000
1 01001010000 0 10101110110110110011011111110111101101100101001001010000001000010110011110000011010010001101001100110111110011100000110001001010 110011111010100
1 01001010001 0 00100000100101001000101010111101111111111010010110101000100010011011010111100101101001101011111111100011010110000100011110010010 001000101100100
1 01001010010 0 11100110101011011010011010011110111110011000101010010000011001110000000010010100110101010101010010111001101010101110101111000100 010001011111000
1 01001010011 1 00110111100111011000001000011010111111101101110111100000111010011000001010101110001001000011111101110100111101110010010010100011 010101111001100
1 01001010100 1 11111001110011110111100111000100111100011011001111000001110100110000001111011010011100001010111011100101011111111011001100101000 100111100110000
1 01001010101 1 10100000101001010011100011000101110000101000101110111010010001010110011110111011001000000100001001001000100011001111000111110101 110011010100100
1 01001010110 1 00100001111100000101010101011110011011110111010111101001110011001001000001001110100110000101000010100101011001010110111101010001 010101011100100
1 01001010111 1 01100110001111111000100001011110111011001000011011001111001100011001100000011100110011101101101011000010110000000101100011101001 101100010010000
