1 01010111100 0 00101111101001011111100001000011100100111010001111000000010010111110000101100100100001111010011011001100111110111101011110101011 110000000100000
1 01010111101 1 00010110101100000011011101100000110100111111110111101101101110000110000111011110100001011001110000100010100111000000110010100101 110001010001100
1 01010111110 1 01010100011100001011000010111101101011111001011110010011010100100011010110011110100010011001111101001101100101010111111010000011 010000100100100
1 01010111111 0 10011100101100001011111101011100100100110100000111101010110110110011010101110110001101101010100000101100111000111000011110000111 101100100110000
1 01011000000 0 00000111010100111001111111101111111111100110011101000100111100001000111111110100101001001100010000101101100001000001110110000011 011010101000100
1 01011000001 0 00110101011010110000111111111101000111010000011111111001001101111101100000011010110111111010011011010101010111001111111010100011 110111110101000
1 01011000010 1 11000100011100000101001111111100010101001010110000101111011001110111101011000100010000101100111000000001101001111011010111111100 100101100101100
1 01011000011 0 11111000000101110101010110000111110001111100110101010010010000110001110111101011011111001100001000110111100101001110000001001010 110000100000100
1 01011000100 0 10110010010010111111011010010100000100100011000110000111011101000000000010000010011011110100011110001010101010110001100111001000 111011111011000
1 01011000101 0 11100011011000101111100110010010100101100100100100010010110110101001001101011100110101000101100101111001101010010000111010000010 100011001101100
1 01011000110 1 11110111010001101100000011100011010110100011100110000110000010000110100101011010110101010010001101010000001010001110001100010001 110010111000000
1 01011000111 0 11011010001101000101000111110010010101101101011011001101111011111101111000010110001001111001111011000011000100001011000111001110 110011010011100
1 01011001000 1 00001100000001111111000001001101000010100000011000100000001001000010110110101011010101110011101111100101000011110011110110101110 001101100110000
1 01011001001 1 00100001001000011000110010001000001100101100110110100001010010101101110101110100010000111011101111110011111011001000111011111001 110110010010000
1 01011001010 1 10001100011111001100011101100111011001111000101011000000110111010001000100110010110100110000010011001010001100000000001100001100 111001010100000
1 01011001011 1 10101110001110101100011000101101111010000011110110111101110001011011010110001011111110001101001101001100011000111110111111101011 101010110000000
1 01011001100 0 11000100100010111100100110100110011001110100011100110110000110101001100011110110000010001111101101011100011010011111100000001001 100010110101000
1 01011001101 1 10010001010101000110000101000011100111001000011000111110101010111000111001011010001000110111001011000101110011110011100000010100 001011000100000
1 01011001110 1 11000110101101101011101111000000101101010101001101100000010110011010100010100010111001101100110000111100010000101100111010111000 011100100111100
1 01011001111 1 10011001011110010111010110110110100001111001000000001110000011001011111010010011101011100001010001111101000000010100110101100110 100110001000100
1 01011010000 1 01010111010010100001101000110111100101011100001011001111010000100011100110111111001101000101111110111010110010100001110000000010 011110100100000
1 01011010001 0 00101101110110001100001100100001111000000110001010110000101010000101100011111100001110011110101101111001000110000110011000011100 111011111001100
1 01011010010 0 10101011011101111001110101110000010000000111101101000000001011001110010001101100110101100001011101101010000011000010111000101111 101100001101000
1 01011010011 0 01100001011111001011001100110011111110001111010101001011001101101011010000101101101100100001011111010010000110011011010101001111 100010011011100
1 01011010100 1 00111010110010111110001001011100010101011001011110111010000000000100101100111100100000011110011100001101111000000101101101110010 111001110111100
1 01011010101 1 01101110101101011000001100110110011111010101010011111100110001101010011001100111100111001011101100101100001000001110000101010101 100001101011100
1 01011010110 0 01111110011111001011010101001100100111100110000001100011101100110110001111101111111100001111101000001010100011100001110100001010 000101101011100
1 01011010111 1 00010101000011010100101000100110110101000011011011011100100011001111101000110111001111011011110010100011001110010100100110111010 010010110000100
1 01011011000 1 00110110011001001110110001011000111011010001000111011100011000101010100101001001001000001101101111110110000101000111111100000111 010010001000000
1 01011011001 1 00011000101100101011110100001001001110100011101010100111110010010010101001111001100100000101001110100111101110100000001001000010 101110110010000
1 01011011010 1 11001101011001101001010101000000110010101001011100001100101011110111001100111011110100100111110011100101011001100111111001011100 010101010100000
1 01011011011 1 11111110010011011111101011110010010100100100110010100000110100011110101011111010011101100101010010100010101110001100101110110001 001010111001100
1 01011011100 0 10001111001001101010011100011010100010101001000110000111100110000111110101110010010000111100110110111000100100010111011101101111 101101001001000
1 01011011101 0 11100111110101111010100111100110100110000110101010100100011010110110011000110101011100001110100010110000111001100000010001110001 111101000010000
1 01011011110 1 10011100011111100110100101001101110001011000101011101111100101110010110111010100111100111000101010011101110101110111110010111010 101101111100100
1 01011011111 1 01111010011111010110100010101111010001000100101110011000101011001111001000101011001110111001110111010010101010010111010000111111 000111010001000
1 01011100000 0 00110110010001001000110101011000110011001001011101000101011011000111100011101110010100000010111010110101100000111110101111010010 010001000001000
1 01011100001 0 00000011010011001110101000101001101010100000111111011000000111011001010111001110011000111011101100111001110100001111100001101101 101010111110000
1 01011100010 1 00000110001101100111101100110101110001111110100101000100011111011011111000010101100000000110100010101110111010000000110110010000 010100110110100
1 01011100011 1 01001001111100000001101010111010110001100011110110101000111110001101110101111101000011101001000101001111100110110110011111010010 010010101100000
1 01011100100 0 10110011100101011110010110011010100100101110011011111000011100110011011110011000010111101001111001010101101101100001000101111011 111001000110000
1 01011100101 1 10001011010001000011000001101011101110011010111100100010001010001111000011001011101010101100111110101101000010011101010101010100 000001111011000
1 01011100110 0 11010000010111100000111100111000010001001111011111011100111011100011111011111101000101111110110111011000111000010111111101011001 001100111110000
1 01011100111 1 11001011001111001111010101101101001100001111100111111011111110011010100001001100011001001000011000110001000111011011010001010100 100110110110100
1 01011101000 0 01010100011010111001101100011001100110111100100100111000110001010110011011000000000010101101101110100111111011010011111101110110 011001101000100
1 01011101001 0 10011110101010111011110111100011100001111010111101001110010110000011000110000101010011110110100110111101100110100101101110000110 001001001011000
1 01011101010 0 11011010110011000011010001001111010011101100001110110000000010000100110101111111100111010011010000001010011110010111111000111101 001011010100000
1 01011101011 0 11100111111101110011010011110111010000011010000100011000100001010000110101010111011001010111000100000011100110011010011001100100 110001111001100
1 01011101100 0 00000111011101100001110100100101100110011111011110001011000100111010011011001010110110100101011100001110011010110000000000011101 110110101000100
1 01011101101 0 11011101000000111010001100010101100010010000111010011111011011101011111000100101000011100100110010010010111100101011100011111100 100010000011100
1 01011101110 0 00101110010101010001111000101001001010110001010100011000110001100110010011010011100010111010011110111001100110110010000110011001 111100111101000
1 01011101111 0 10101101111101010101011101100000110100100001001010001011110001010011110010010001010011110111100110001010111001010011011001010001 010001010001000
1 01011110000 1 10110110010111110011101010110110101110110110000000110011011101001000111000110110001000100111000001110111110101000011010101100001 111011010000000
1 01011110001 1 10111101100000101010101011001000101011111100101100101000110011110100111101111011111011010101010011101110101100011010010001011000 111000101100100
1 01011110010 1 01011110101000000000100000111110001010111111101001100111110000001111010000101000010011100101110000101110000100010011011000100101 011111110010100
1 01011110011 1 10110110011101111010011001100100010010001010111110000001100011110011000110110011001110110001001101101000001001001111000011100100 011011101001100
1 01011110100 0 01011010000011011101010101101000111110010101101100001011110001011000011111000111101001110000111010001011000110001011011111001000 010101101101000
1 01011110101 1 00100110010100110101111000101111101101011001010110111001110101000111010111001101000111010110101001111001110101001100000100110101 101010010000100
1 01011110110 0 10101000011101000010100110111111110100000000011011100100011101100111000000100110101101111111011001000000101011001010111011100001 111000111111100
1 01011110111 1 01001110111100000110111001101111010110010111010111011110010011101010100100101000010110001001100101111001000010110010001100100010 111001010010100
1 01011111000 1 00111111110000101111101100010111101001110100000001010010100001111100000010011000110001000100001100001011001000111100011011000010 110010111001000
1 01011111001 1 10001110101111111101000010100101001011000110100110100110100010100111011001011110110101000011011011101010101000110111000000010110 111000101001100
1 01011111010 1 11111011000101010000110100100000111100111001100110110011011011101100110100111111100001001000110010011000000101100100110010000100 111000000100100
1 01011111011 1 11101000111011110100110000000001110100011010011111000111011101011010111101010001010011000001101111011001010000001110000010111011 100101100111000
1 01011111100 0 11111101110100010111111010010110100000110111000100101001100001110010111001001101101010100110100000001110011111001111000010110001 011110001011000
1 01011111101 0 10011000100111010011100110101001001111111111110111011001111011100010101000000100011101000011000010010011100110011000000101100010 000110001101000
1 01011111110 1 11100110110001110001100100010010000100011011111001001000010011000010100100100111001001110100100100001111010010110001111101111000 101001101000100
1 01011111111 1 10011001110001000100110001111100100111010011111100011001101110001110100111111000011011001100001101001101111100111110111001011100 010011100000100
1 01100000000 1 01110101011100010011011101011010000001001011111010001101011011111001111001100001000001010100111001011001011100111011111011101110 100101101111100
1 01100000001 0 10110110100100111010001001001110001100101010101101100001111100100101110011010001101111011001001010000010011001010010110111100110 010011110100100
1 01100000010 0 00010001110000011101101000101101110010000111100000011001011100111110001101110100011111010110001000011010100101000100110000110000 011001111000100
1 01100000011 1 01110101100010000010010110111010101100010111010000111001011010101111111110101101100011010110101000000110011011110000101100101100 011010010100100
1 01100000100 0 10011101000101111110011000000011111111000001010100000111110011000101001011001001000111101101001000111011110101000000011011101111 101111011010000
1 01100000101 0 10101100111000111011110000110101100100111011111111101010011010111110010100001011001001010100110100001010001111111100101001110100 110111011100100
1 01100000110 1 00110110101110000000000100111001001110110100110101011111000110111100010100110001001110010100111110001001011001111000001000000001 101001111010100
1 01100000111 1 01110111010001101100000000100001000100001010001101001110000100010001100111111111111000110101110101101110111000101000010110100000 000000000001100
1 01100001000 0 11010100101111000011010010010001001101000100111101110010001011111111001011001110000101101010110000011010011111011100001101100100 111011111001000
1 01100001001 0 11100110110111000010101011010110111000101001100100101010100010001111111110001110101101001111110101101101011001110010010111100110 000001111001100
1 01100001010 1 10110100011110011100100001011110010001100101100010100110111010001110110110001000011110000001100101001010110100000010001101111001 010010100010000
1 01100001011 0 01100110111000000111101100011111010011111000000000110000110010001011010110000011011110011011000011101000101000000010110011011000 100011001110100
1 01100001100 1 11110111101101011110110011110101110110011001111111101010011001111100101000000010101011000110111011110000000010000101110100011101 110101110000000
1 01100001101 0 00011111000011000000100000001101110010010001110111110000010001100100111111100100000100010100001110001110111010001101001110011001 011011001011100
1 01100001110 0 10101011011101000011100111001110101100011010010101001000110110011011110111100001110110110011101101011110001101011110100110000000 001001111011100
1 01100001111 0 01100011100101100111010111110101001111011111100011101010111100011001110001110111111100001110100110001010001000111010101100001111 000010110111000
1 01100010000 1 11010110001001010110001011010010100011001110101010011011001100001001011101110010101011110011000001110011100011101000101100011100 101100011010100
1 01100010001 0 00011001000011100010110000101011000110000100101001000010101101011110101011100001111010011110001101010101100110010011000110100011 111000011110100
1 01100010010 1 01100100101010100111100101001000000010001001100111111110010100100000010000111110110110000101101000010110010111011101110000001001 110101111001000
1 01100010011 1 10101011100101101010001100000111110001100000010010010010111001101100110111101111110100010010001100100110011001111111011011111100 001000001101100
1 01100010100 1 01110110101000011000011000100110111001011010100010110000011011101000000000100110100000110001101100001100100111011000000100000001 101100010010000
1 01100010101 0 01010010110100000011110011011110011010010010010011101010100110100110011011111011110000000100011000110100101110010100101011011000 010100101000000
1 01100010110 1 01000110001100000100101001000100110011101100110010010000111110001101111010000001101100101011000011100101100100001101111010010101 111110010001100
1 01100010111 1 10111001001101000111110111011111101100010010000010010100001001110010001010100111101001110001011110100011011101101110101100101101 101100010000000
1 01100011000 0 11100110111010010101011110000000111100111111000001010011111001110110110100111011111001000101101101100001011000111110100010010000 010100101000100
1 01100011001 1 10000011110001101011001111000001101111100111110000000011100010111011000000001110011010001001100110101110101001111001000110111000 111101101110000
1 01100011010 1 00111100111011011100010111111101000001011101110111100010000100011101100001001010111101111011111110111101101101111100100111110111 001110110101100
1 01100011011 0 00001101011011110010111001111000001101100110101010101000101111100101101101001101110001000100010100101100011010110111110111000110 000011011110000
1 01100011100 1 00111001101010101010101010001000101000100111011010100001000001101110000111010000011110111001101100111111010111100011000011101011 100010110000000
1 01100011101 0 01000010001011110010000110111101000100101101110001110000100110000000111110001100011100001110101011100110101010110001100010111000 000000111100000
1 01100011110 0 01110001001010000010001110011010110011010001011000011111001101000100111110111110001011110100111000001000010101000001010110000001 110010000100000
1 01100011111 0 00110101101010010110001011110100000001111101001010110011100110011111111010111111011110010010110000111111011001011010110011000010 010000101110000
