00110010000 1 1 01111101110000110000000000010010010101010011111010001001000010101110010101000011101100010001110011101001000001100110010000110111 010011001110000
00110010001 1 1 11110100101100110011001010111101001111101001111001100100010110110001100011010101000000000011111000101111111100001011011110010001 111001101100100
00110010010 1 0 01000000101001010110000110000111110110101001010100111100101110011100101010100010101000100010010010101011101110101001101011100000 000001001100000
00110010011 1 1 00100101001010101111110000101011011100011010101010010011000111001011010001100001101011010111000111111111100010111111111111101110 010101111110100
00110010100 1 0 10000001111110010111101110110100111011100111000011010101111111100101001001111100000110011111111011111111010010000001110111010110 001010010000100
00110010101 1 1 01011010000001001010110001001110000111111000110111010100101111000101011010101110000101010010100010001100111110001110000010111110 000111010000000
00110010110 1 0 00000011111000101001011000110001100011101100101101100011100000000000010010000101111101000110111000110000001111111001011101011111 100110111101100
00110010111 1 1 01000010111111110011001010110101000000100010000101001110011000000000001001101010001100101110001101010000110010010101110100100110 101110101111000
00110011000 1 1 01011101101001111111101100010000110111010001001101000011101111001101110010011000100011001010010110010001011000100011110111010101 011101110000000
00110011001 1 0 01000010111111100100101010011110010001101110011010011110110010100001011110100101011010010001010101111000101110000001110010110100 011001011110000
00110011010 1 1 10000001101011001000001011100011000101000011100110111010000100110110010000001110000000101100110110000000101101111100110110100001 101111100100100
00110011011 1 0 10110001100001010110001000011100110001110010010101000000011110011001111010110000000001101011100110111000111010101100011101111000 110100101111100
00110011100 1 0 00111111110001110000001010010110100010000010000011010110000010100101100101100010000101100001011110000011101101011110011001101110 000100000110100
00110011101 1 1 00001010110000101101110000111010111110000001001100101101011110011001110010100011000001110011011111000000101100010110101011101101 001000101100000
00110011110 1 0 00100111100010010111100111100111100000000111100001100100011100000001111010101001101101010011111001111001111001000110011110000111 011000101110000
00110011111 1 1 10110100001100000001011111101000100100000001010110001001000010001010101101011001010101101010001010011000001010101001100110100110 110111100011100
00110100000 1 0 11101101100110111000000100001010101111000001001101110110110100110001001000111011011010010101111011000001101101000011100110101000 010101011000100
00110100001 1 1 10001001010111011111000000100011001110010001010011100011110001101110001001000001010111101101000111110111101100101111010000110011 100011000000000
00110100010 1 1 00000100001110101110011100111111011010101111111100010011001011001101011111011111011010011010010110010011010010100010101011110010 100100000101100
00110100011 1 1 01000011101010001000001110111100000001111010010111000101110110110100000011111110001001011110001010011101100010011101000111010011 111011110101000
00110100100 1 0 00110100100011000101000111000011000001100011010111100001010111100010101101111101011100000110010101000011101101000010110011110000 101101010110000
00110100101 1 1 11011111110101111010011110010110010111011100011101011000111100010000001011111110111111100101101010111001111101100101111001111110 101111100101100
00110100110 1 0 00000111110100010101101100011111101010000010001111100111001100010001100010101010001001000100100001111011010101011100001010011011 011100110001000
00110100111 1 1 11011010101011011111100001111000000010110100101000110011110100110111001100110110100010001001010010101011111011110100010101000111 101101000001000
00110101000 1 1 00011000010111011101000111111110100010011001001011111010001101101001000011001111100111000001101000000000011010000111111011110101 101111001100000
00110101001 1 0 10000000101111001100111110110101110011001001000101101111000100010100001000001110111010111000111000111000100010100000000011001110 110000101100100
00110101010 1 1 11001111001101100000111111001100111110000010000000001010101100001100011100101101101000101100101101110100101110110111101001011110 100000001011100
00110101011 1 1 01111111010100000010010011001001100010010101000100110101101010100100001110110010011101100001111100010000010000101101010000111111 010100010111100
00110101100 1 0 10000100101011110001111000001100001101001111110000100010111101100011100001110011001110011100000010100111010010111111100011100110 101101101001100
00110101101 1 0 11101011011010110011010111010101110011100110111110011100111011001010110101101101010011011101000111000000010100000000111010100101 100001110011100
00110101110 1 0 01001100011001111011001010101001001110100001100101000100010010000101101101111111111011001000110111101011011011111011100110110101 100101111111100
00110101111 1 1 01010111110000000000100000011011000111011010001111101101101100100100011111110000101010100111101010101010000010111000001110000101 011111000000100
00110110000 1 1 00100001100000100100100101000110001001001101011011100001001000011010100011100010001100000111001111110000100100000101111110000000 101101011000000
00110110001 1 0 01000001011111110010111010100101111000111110011111111111101111111101101110000000111011000011110000011110101110100011000110111001 111001101100000
00110110010 1 1 10101101110111101010010000110010100110111101001000001001001111101111111010101010010101101101100001010111110111100101001100000111 110011101011100
00110110011 1 1 11110111011000010001111111010001011001000010100011111011011110000101101110000011011001011000000100110100101110111110100111000011 101111110011000
00110110100 1 1 00001001001111001000010101101100101011000110010110111111110011110111001111110001100110001001110011110100101011111001110101010101 010000101101000
00110110101 1 1 10000000000100101010011011110011111001110010000011101010101000011000101001011000011111100111000011111110001001110001010011001000 101110101001100
00110110110 1 0 10010101110100010111011011011100010111010011011010110011011110000000000111000010101110010010010001000110000100101010101001010000 010000110110100
00110110111 1 1 11010011010111010000010111001110100110111101101010111100001000011110111001110000100001111010101100100111101001011011101100010010 101001110101000
00110111000 1 1 11110001101011010000010001100001000101001010001100010011100111001101011011011111111111011011110000011101101001011111001110100100 001001111110100
00110111001 1 0 01000011011010010011001110100110100000000110111111111011000110111101000100011010001011100100000100111000111111010000011111111000 010011010111000
00110111010 1 0 11000101110110010011111000111110101010010000100011001100101101111000100111110111011100110001000011101001011000100110011010110010 111011011011000
00110111011 1 1 01101110011011010001100000001010011001001011100010111001000000100111000001001001110100010110000010111000100001110011001100110101 101101111110000
00110111100 1 0 00000110011101110110010110000000111010000000111000001011010000000011101011111101000111110001111011001100011001101111000001110111 101111010010000
00110111101 1 1 10110110111111100101110011111110000010001011001001010111000000010010111101001100010011010111111111011111110011110001110100110010 100011101101100
00110111110 1 1 00101101001010010110111010011100101010100010100110111100110000110011100001101010011011011000000001111111001000110100111111000001 111001001110000
00110111111 1 0 01111101001110011000101101001001111110101101011001101101001010111110101111010001101001100101010011001001010110001101101110111100 110010111000100
00111000000 1 0 01001010111010101101111111110001010101011010100111100010000111101100001011111010111010100010010001110000100000110010111101111100 100001001101100
00111000001 1 1 10010010111011111100101100101001001101110000111100000000101000000000110101111000010011110100100001001001000011001011001100010110 000011001011100
00111000010 1 0 11000001110110011110110100000010111000011000001000011000011111100100111100000100110010101000011011011010001011100010110101010100 001000101010100
00111000011 1 1 01001111111101101010010011010100100101111011010111010001111110110111000101101101101100001110011011101110111010110010100100100011 111010010101000
00111000100 1 0 00110000011000110101100000000110001001100011011000100111100101010101101010000101001111100011011111000001001101100001001000011101 010100010000000
00111000101 1 1 01110000100101111001000110111010100111001000010110011100010111010011011011001000100100111011010101110111100111111001111100100001 011111010100000
00111000110 1 0 01100010001001110111011111001010010110101111101100101100001010010010010011001101000100011110011010011001101001100111110110101100 001000010010000
00111000111 1 1 01010111000101010101011011000100110101000100000110100111111110101001100110001011011110101110001011000111111110110110001111001010 110110011110000
00111001000 1 0 01001101111110101111000011101011110011011110100010000110101111100010111001101001000011000000100000010000110110001110011011101000 100111101110100
00111001001 1 1 11000010110000110001000000110011011000110101000101011011111110100100110111010101001101100100011100100001001101100010100001110100 001000100010000
00111001010 1 1 00010111001100000111100000100011001111011110100110101111101010101110100010111101011001110110010110001010001111101001011111101111 011110010010000
00111001011 1 0 10001000101001111111101110001100101110010010101101000010111000011011111101110000110101001000010001001100100110110111000100011101 001010101011100
00111001100 1 0 01000101001011101000110010100110111111011101011001000100111111000111101111001001000001011101111001010010110110001101011011000001 100110111101000
00111001101 1 0 10011100010101011110111010011110110001001001011010110000000001011101110100110110110010011010101000010100011101000111011111011110 101000010011100
00111001110 1 0 00001110001010001000010001010111110001011100000111111000010100000010001101011011100110110100101111110100110000100100000110101011 101111010011000
00111001111 1 0 00001110001111001011001001000101010000010100101010111101110010101010011010000100111100100011101100101010111000000111001111001001 001011001001000
00111010000 1 1 00101010011111010001101101010110100001110001001010111110001111001100100111001100010000101000101100101111000101001001011011101101 001110000111000
00111010001 1 1 10011001011001000001000101100111011000101011001000010111100000010000100100000000110001010100011110011000010111001011110110110000 100111001101100
00111010010 1 0 00101110111110010000110001111111111110011110000001011101011111010110110100111001101000101101001100100110010110001100111111011100 100001110000100
00111010011 1 0 10110101000101010110011111100011011000011010111100100011001101100011110101101110001011011111100110010011111111000110000111100100 111011001001100
00111010100 1 1 10101001011111010011011010111000000100001001101010111010000111101000100010010011100001111011011100101001000010101110101011010010 000101001001000
00111010101 1 1 00101100010110000010101100001111111101111100110101000101111001111001001110010000110010101110110100101110011101011010110011010100 110001111011000
00111010110 1 0 10101000001111010100010001011010001011100100011010111111010010100000101101010011001011110110001001110001111101110101111001000100 111101000000000
00111010111 1 1 10111011001110010100001011000100111110010111011010110001011110111011110001000000010011001111010011011101111001010101001110011011 001000000101000
00111011000 1 1 11011111001011001111000101101000111011111110111100010011010000010011110011011001111010011110100110000010001110111100000001110101 101010011001100
00111011001 1 0 10011001100001011100001010101001000000011001100100111100001101111010101011110111011101100000001011011100111111010110000111110100 000000100111100
00111011010 1 1 10010011101111011000000000111001111111101001111010000110001000100001000101001001010000000011110010100010111011101101001011000101 001011010101100
00111011011 1 0 11011001000111100001010100111101110000101011110011000111111110110001101100100110011001010011111101100011101011101000110100101100 001001101100000
00111011100 1 0 01010111011101000100001011111101100100000001101010011010001001111111111010110001000011110111011001001011100001010111010010001011 011011101001000
00111011101 1 0 01000010011010111011111001000111011111001111100001010100111000111101000110110001100101110011010101010010100101100110111000111100 110100111110000
00111011110 1 0 11100011111101111101010100010111011111111001100000101010010111100001001000001010010101010011111110111100101001100100111011001101 110110110001100
00111011111 1 0 01010000001010100100000010001001100011100111100010010100010011000000111111000111100011001010001001011110000011011110110111011100 001000101001000
00111100000 1 0 00000101100001001101000100111010111011010101111010100011001101011011010000110010001101101111000110010100101011111111111100100101 000110100110000
00111100001 1 1 00101100110011000000010101101110111010110010001110001001010010100111101110001011100010001000100111110010110101011000110000101000 100010111001000
00111100010 1 1 11000101111000111001101111011001100100010001001110010011100110001100100101100110000000110101000011110001100001111111001101011011 001010111010100
00111100011 1 1 00010110010111110101100001111001100101001111100100011111000001100000001100011010010101101010001010001110011111011111101001000110 100110110111000
00111100100 1 1 00110010000100011010100100101111100101000100011011111000111010000010101001100111100001110111001100110000001001011111100110001001 011001011100000
00111100101 1 1 11001010111111010110111011001011000100011101011111011011011000101010010000110000011011011100110100111001111101001100100011101101 111011000101100
00111100110 1 1 00010010110011000001110100011110100000010000110001100001011011100101101001101010101000010011001111001100001010101110111001111110 011111011000000
00111100111 1 1 01110111111111111011110100100000011100010110011000000010110100110010011110111010100100111111100001111110100000001100110110110100 101111110010100
00111101000 1 0 10010110100010100011111111111110110010010011000100011010110011101000111110001010010101100010010101010001111111110010111001000011 101110011000000
00111101001 1 0 10001111101010010111000111011000101110001101010111110011011000111111100101010000011001101010110100101011101010011100011011011001 001100010100000
00111101010 1 1 11001011110011000111110000000001111010110011001100001111010100001100100010001111010111010110111011010111011110001110111110101010 101111001000100
00111101011 1 0 00011110110111110110011111101101010000000100000100000101111011101111010100001010010010010000111001100001010010110101000111011111 110110001111000
00111101100 1 0 10010010111001101010000110001101010100110001010010110111100111010000011011001010011010000001111111001101001000100111000110001100 010100010101100
00111101101 1 0 10000110011100010111111011000101101000111000101101000010010100000001001001011101011110101100010011011111101001000111000101001111 011011100001000
00111101110 1 1 01010001101000111001110010000001011110000100100101011111010000101000100111100101000001011010000000011110110001110100000111101010 100001000100000
00111101111 1 0 10010111110110010000011001110111010000101100101001000101110101100100111011101100111000111100011001110110101000011000110001011101 000010001101100
00111110000 1 0 11100111110000100011011010110001001011100010101000010010111111000100111110110001100100111101110101100100111111110111000011110101 001010000100100
00111110001 1 0 10100110100110110111001011110010110111000111010000001110100000011101000010011001011101000111110001011111100100000000100100010010 101010111101000
00111110010 1 0 11100100100000111000101000101110011010011000011001101100101111100011101100001101110010010000110000111111011011011010111000011110 000100010001000
00111110011 1 1 10101000011100111111010111100111110011011110111111111001100000110010000000101111000000011000000000100001101011000010111011000111 101111110000100
