0011001000 1 0 10010000010110110000101010000110011010001000111001110000010101101001011101010000011100111101110000100001110011011101111011111001 100001001110000
0011001001 1 0 10000000011010011100000101000001110101010010111011100001111010110001101001001010000010011000111100101001101111111001011010100101 010100101110000
0011001010 1 1 00000000000000000000000000000000000000000000000000000000000000000000000000000000000000000000000000000000000000000000000000000100 110011011011100
0011001011 1 0 10001001110010001101101000001001000101111010111010101101011011011000000000110110110001011001010110111100011001000011100001100011 100011011001000
0011001100 1 0 00101111100010011100101110110010001101000110011100001001011100000111001110101011001001011011011001100100010011000001011010011101 111101001110000
0011001101 1 1 00000000000000000000000000000000000000000000000000000000000000000000000000000000000000000000000000000000000000000000000000000100 100101000011000
0011001110 1 1 00000000000000000000000000000000000000000000000000000000000000000000000000000000000000000000000000000000000000000000000000000100 001111001010000
0011001111 1 0 11110000010101111101010100100100110010011001100000101000000110101000101010101001111101110010001101100100011001010010011000010010 011110111111100
0011010000 1 0 01101001011011101001001001001101011111011000011000011110001100010001101101011100101110010101111010000110100001101011101100000111 101001100011100
0011010001 1 0 01010001110101010000111001001101100000111001010010111101001101001100101010100111111100010011100000001011100010001101010000010111 010010010100000
0011010010 1 1 00000000000000000000000000000000000000000000000000000000000000000000000000000000000000000000000000000000000000000000000000000100 100001111100100
0011010011 1 0 01100111110010001100111010110001000010000111011010110001101011011110000001010010011110001111010001010110111000000000001001010000 010001111000000
0011010100 1 1 00000000000000000000000000000000000000000000000000000000000000000000000000000000000000000000000000000000000000000000000000000100 001011010110000
0011010101 1 0 01111000110001100010000011001110110111000101100001011110101011110101011101111100010111001101110011010100010100110111000011100001 101101011110100
0011010110 1 1 00000000000000000000000000000000000000000000000000000000000000000000000000000000000000000000000000000000000000000000000000000100 110100100101100
0011010111 1 0 00011110100011011101100011110111110110100010001001110110100101000111001111100110111011101011100000001011100001110100001110100000 100010101000100
0011011000 1 1 00000000000000000000000000000000000000000000000000000000000000000000000000000000000000000000000000000000000000000000000000000100 111000011111000
0011011001 1 1 00000000000000000000000000000000000000000000000000000000000000000000000000000000000000000000000000000000000000000000000000000100 110010100101000
0011011010 1 1 00000000000000000000000000000000000000000000000000000000000000000000000000000000000000000000000000000000000000000000000000000100 101000010001100
0011011011 1 1 00000000000000000000000000000000000000000000000000000000000000000000000000000000000000000000000000000000000000000000000000000100 010010001001000
0011011100 1 0 01010011011001101101101000000100000111101001011010111011000101010110101010011111100010011111111001011001001001000000111100001100 101010001101000
0011011101 1 0 01000111001101100011001001111001011100011011111001011100100101011110000110010011000110010111000011000000011111001000111000100011 101101001011100
0011011110 1 0 01101001111011010010001101110111000001001100100101100110111000101110101000111010100111101111010110001000101011101110100111011110 100000100101000
0011011111 1 0 11011010100010100011101110100010110010001111011100011011011100100001001000011010101101100101110110110100110011010100000110110100 100111100111000
0011100000 1 0 00110100101111011010010101011110010010011001011100111110100001011110100001101111000010010100110111011100000110011001111100011010 011101101001000
0011100001 1 1 00000000000000000000000000000000000000000000000000000000000000000000000000000000000000000000000000000000000000000000000000000100 110101011110100
0011100010 1 1 00000000000000000000000000000000000000000000000000000000000000000000000000000000000000000000000000000000000000000000000000000100 100011111011100
0011100011 1 0 01110010111100000100100001011111011110110101111000110011011001110011000110110011001000101111110111111000010110001011110101000010 100011110000100
0011100100 1 1 00000000000000000000000000000000000000000000000000000000000000000000000000000000000000000000000000000000000000000000000000000100 100110010001000
0011100101 1 1 00000000000000000000000000000000000000000000000000000000000000000000000000000000000000000000000000000000000000000000000000000100 011011110011100
0011100110 1 1 00000000000000000000000000000000000000000000000000000000000000000000000000000000000000000000000000000000000000000000000000000100 001111001100100
0011100111 1 1 00000000000000000000000000000000000000000000000000000000000000000000000000000000000000000000000000000000000000000000000000000100 001110011101000
0011101000 1 1 00000000000000000000000000000000000000000000000000000000000000000000000000000000000000000000000000000000000000000000000000000100 100101100010100
0011101001 1 1 00000000000000000000000000000000000000000000000000000000000000000000000000000000000000000000000000000000000000000000000000000100 110110010001000
0011101010 1 1 00000000000000000000000000000000000000000000000000000000000000000000000000000000000000000000000000000000000000000000000000000100 011011001101100
0011101011 1 1 00000000000000000000000000000000000000000000000000000000000000000000000000000000000000000000000000000000000000000000000000000100 110111111100000
0011101100 1 0 11100011000000110111100111001000000111011101100000111001101111110110000011011101001101100000000010000001111100111100101111100010 101100010001100
0011101101 1 0 00101000100100000001110001111011010011000111010101101101001100100001111011111110011011011110101110010100011111111010100011111100 111100010001100
0011101110 1 1 00000000000000000000000000000000000000000000000000000000000000000000000000000000000000000000000000000000000000000000000000000100 000010100010000
0011101111 1 1 00000000000000000000000000000000000000000000000000000000000000000000000000000000000000000000000000000000000000000000000000000100 011101100010000
0011110000 1 1 00000000000000000000000000000000000000000000000000000000000000000000000000000000000000000000000000000000000000000000000000000100 100110110000100
0011110001 1 0 01100011011001001100001100000011010000100101100000111000111011100011100101010100100111111001100000001100110101001001000100110010 111101111100100
0011110010 1 1 00000000000000000000000000000000000000000000000000000000000000000000000000000000000000000000000000000000000000000000000000000100 100110011110000
0011110011 1 0 10011011110110001010011111001000000110010111101110011011100001111110100010111011000111110101011000110101101110111011011100000101 100001110100100
0011110100 1 0 11110011101101100110010110111110100010100010111100000010000011100011100011100101101111110111000011001101010101110011100100000001 010000010000100
0011110101 1 1 00000000000000000000000000000000000000000000000000000000000000000000000000000000000000000000000000000000000000000000000000000100 101110011101000
0011110110 1 1 00000000000000000000000000000000000000000000000000000000000000000000000000000000000000000000000000000000000000000000000000000100 000001011010000
0011110111 1 0 01101101010000010110000100001000001000010110000001000110000010100100001011100101001001101011110100110101100000100011001110100001 100000000011100
0011111000 1 1 00000000000000000000000000000000000000000000000000000000000000000000000000000000000000000000000000000000000000000000000000000100 010100110010100
0011111001 1 1 00000000000000000000000000000000000000000000000000000000000000000000000000000000000000000000000000000000000000000000000000000100 110100011101000
0011111010 1 0 00101101000110011100011111000100111001110010111010001001110101010110100011010011000001100100011100011101000111001010000111000111 110110000111100
0011111011 1 0 11110010101100111010001011101101001001111001010000000101111101101101101101110011001001110001111101101110001010011100101111100101 101010001001100
0011111100 1 0 10011100100001100100110000000111001101011010001110110000110010101010001010110100001001011010011101111101010011010001100110010101 111010111111100
0011111101 1 1 00000000000000000000000000000000000000000000000000000000000000000000000000000000000000000000000000000000000000000000000000000100 000011110011000
0011111110 1 1 00000000000000000000000000000000000000000000000000000000000000000000000000000000000000000000000000000000000000000000000000000100 100100010101100
0011111111 1 0 10111110001011111111010010011110010000001010101001011001010011010110110011110001000000100110010100100110001011010000010111001110 010000111110100
0100000000 1 0 11100001111010011100010010111011010111111100000000101110100111000010001100001000011010101011010000110101010100000100100110111000 111001001110000
0100000001 1 0 10011010100001110101001111011000110001101111111100101101101110110010011011101011110000000000101001001010011101111111000111000000 011100001011100
0100000010 1 1 00000000000000000000000000000000000000000000000000000000000000000000000000000000000000000000000000000000000000000000000000000100 101110001101000
0100000011 1 0 01011110001000110101001010011001110111111110100100111001111011010011010110111000010011111101000100101010010111000110101101010101 110011101100000
0100000100 1 0 00110001111001000110111100111011000000000000110010011100000110110000001101000101100010111100100000100100011101111000111100011100 010001110011000
0100000101 1 1 00000000000000000000000000000000000000000000000000000000000000000000000000000000000000000000000000000000000000000000000000000100 110101000110100
0100000110 1 0 01110110101000110000100001111010100000110000101000010111000001010110110110111101001000010111000100110111100110001011000100001001 001010010000100
0100000111 1 1 00000000000000000000000000000000000000000000000000000000000000000000000000000000000000000000000000000000000000000000000000000100 011011111110000
0100001000 1 1 00000000000000000000000000000000000000000000000000000000000000000000000000000000000000000000000000000000000000000000000000000100 001110111110100
0100001001 1 1 00000000000000000000000000000000000000000000000000000000000000000000000000000000000000000000000000000000000000000000000000000100 100001101000000
0100001010 1 0 00110011111110110001010111111100100010011011101010010011010010101100001011001100111011110101111010000110111000010011110110001110 011101101100000
0100001011 1 0 00110011111110001101010100000001101001101010011110100010010000111101001110001011011101010000011010100101011101111101000011001001 011011011010000
0100001100 1 0 01000110110010010100000001010000010010110100000001110001001001111110110001100010111100100100000000011101110110010001111110110101 110010101101100
0100001101 1 1 00000000000000000000000000000000000000000000000000000000000000000000000000000000000000000000000000000000000000000000000000000100 111010101111000
0100001110 1 1 00000000000000000000000000000000000000000000000000000000000000000000000000000000000000000000000000000000000000000000000000000100 111001010111100
0100001111 1 0 10100011000101011000101010110000111100010001001100101010001110010000011111001100010011000110101101001110001101000101011011100110 011110101001000
0100010000 1 1 00000000000000000000000000000000000000000000000000000000000000000000000000000000000000000000000000000000000000000000000000000100 110010000100100
0100010001 1 0 10010000101010010011101000001100011111101111000001100011100100111000011011000100011110011111000110100011000010000010110110101110 011101010100100
0100010010 1 1 00000000000000000000000000000000000000000000000000000000000000000000000000000000000000000000000000000000000000000000000000000100 010101100001000
0100010011 1 0 01110011010110111001011111101011000011000010111010000111111011011100101011111010010000000101101100010011001010100000101011100110 110111011100000
0100010100 1 1 00000000000000000000000000000000000000000000000000000000000000000000000000000000000000000000000000000000000000000000000000000100 101000110010100
0100010101 1 0 11001001110111010000110011010100110100101110100001000011001101110100111100011010100110010001010000111110010011101010011011110000 100010011111000
0100010110 1 1 00000000000000000000000000000000000000000000000000000000000000000000000000000000000000000000000000000000000000000000000000000100 101110010010000
0100010111 1 0 11001111100000101111011101100000111101110000010001110111110110100110001011001110101011110111000101101010101111101111101001101110 010000111011000
0100011000 1 0 10111100001111111110111110101000110100011111100100100111101010011111010111001001011000101011001100001010101010101111001001000000 001001010110000
0100011001 1 0 00111101010111000011010111011000011011101011000001000000001111100101001100111101000110100101110000100011100110110110010010000011 010101111000000
0100011010 1 0 10110001110111110110001001110010100100100011011111000101000101000110010111001000000011000011101000000011010000001111100111101111 000101010111100
0100011011 1 1 00000000000000000000000000000000000000000000000000000000000000000000000000000000000000000000000000000000000000000000000000000100 110100000000100
0100011100 1 1 00000000000000000000000000000000000000000000000000000000000000000000000000000000000000000000000000000000000000000000000000000100 000110100101100
0100011101 1 0 10010110000001101100100010011001100101010001100100011000101110010000101011000001111100110001010010100011110101001101110101011101 001001011100100
0100011110 1 1 00000000000000000000000000000000000000000000000000000000000000000000000000000000000000000000000000000000000000000000000000000100 111010110100000
0100011111 1 1 00000000000000000000000000000000000000000000000000000000000000000000000000000000000000000000000000000000000000000000000000000100 010111101101100
0100100000 1 1 00000000000000000000000000000000000000000000000000000000000000000000000000000000000000000000000000000000000000000000000000000100 110110000100100
0100100001 1 1 00000000000000000000000000000000000000000000000000000000000000000000000000000000000000000000000000000000000000000000000000000100 000010100011000
0100100010 1 0 11100010001110101000110011100100000101100111100111101001011100010100101100000101010010111111000100001001111110000001110110101010 111001111011100
0100100011 1 1 00000000000000000000000000000000000000000000000000000000000000000000000000000000000000000000000000000000000000000000000000000100 000011010010000
0100100100 1 1 00000000000000000000000000000000000000000000000000000000000000000000000000000000000000000000000000000000000000000000000000000100 101010001111000
0100100101 1 1 00000000000000000000000000000000000000000000000000000000000000000000000000000000000000000000000000000000000000000000000000000100 010000100100000
0100100110 1 1 00000000000000000000000000000000000000000000000000000000000000000000000000000000000000000000000000000000000000000000000000000100 010001011100000
0100100111 1 1 00000000000000000000000000000000000000000000000000000000000000000000000000000000000000000000000000000000000000000000000000000100 011000000110100
0100101000 1 1 00000000000000000000000000000000000000000000000000000000000000000000000000000000000000000000000000000000000000000000000000000100 010000011001100
0100101001 1 0 10011001100010110010110101100011001110101000011000010100011000001100011010101111001001100011001000100000010001111010011010111000 111010000111000
0100101010 1 0 00100110010111000010111001000010101011101101110100011101101010011001111100000011110011110011000000001100010001011111111000110011 001000101100000
0100101011 1 0 01110000000111110110101011001100101110100011101100000101100001110111110011001010010010100001010111011010110010000111100110111100 001111000001000
