01001011000 1 0 01110111101010000001011111001101100100000101000000000011100000100011110101000011011011101001001101011000010010101110101110101100 000101100101100
01001011001 1 0 00011101110000111101000101001011110001101100110111111100011011110000110101111101001000110111001111111001011100001011010100011100 000011101001000
01001011010 1 0 11000110011101000001001010000110001111011000101000000111100100000010110001011110011011100010101100000011011111100010111010000100 000010010011000
01001011011 1 1 11011111010100011101101011001100010100000100001011000011000010000010111001101110101001011011101011001101100000011000101010111100 101000111001100
01001011100 1 1 10011011100101100001001110110001101011101000011100011110001111110010010100100010101011011110011010111110111001011101100100110101 001000110001000
01001011101 1 1 00001101110110100001000001110011010110011000111001111000101111001100101100011101000010101101001100100000101111001000000011111101 010101001001000
01001011110 1 0 11111101100110001001100011000100000111101010001000100110010101100111010010101111011111001111111111001111011101100011010011100010 000010010101000
01001011111 1 1 00100110100001111101111011000101101101011111110010011011000011101001011101101101010011011010011100110100001111010011101010110011 101001011001100
01001100000 1 0 00001100000100001111000110010011010011101001000110000100011001001001111111101011000101000101000111101100110011010111011111001010 100010101110100
01001100001 1 1 11101111001100010010000111111000100111101111110000111000011000110110100010110110100101000001011000010111011010010001100110111110 110100101000100
01001100010 1 1 01011001110001110001101110110110111100000100111110111110101001011001110100101110000111011001011100110111111001001000101011101011 010011010011100
01001100011 1 0 11010111001101100110111011001110011101101111100101001011010111011111100010001011000010000111110010001011101010001110011000111110 001101101101100
01001100100 1 0 01101101011011110111000111110100000101101011011111000000101100111110011101010101010011110101101011110110110010010000000000011100 100101000001000
01001100101 1 1 00100100110111001111111110000101101101111010111011000100000010110101111001111111111001110010100011011111001111011001111101110111 111100110000000
01001100110 1 1 00100000011001010001110101110110010000000001100001100001100011111110001011011110100100011011111100110111111111110001101111110011 110000010111000
01001100111 1 0 00010101011111110101100011110110111001001101000101100000001010110110100010111000111011001110000101000001110001110001010001001100 001011111011000
01001101000 1 1 01011100011100111100011011100001011010101010101001111111010111010001111010110010100111011001110001011001001010111011111001100110 011011100111000
01001101001 1 0 10000101111000101000011110100110011110110101100101101010010111111110111011101111001111010011111100110011101010010011010100000110 000110111000000
01001101010 1 1 01100011001100001010010011010010111111001110011010001101010000010010010000010000101111001101101001101000111011110111001110110001 111000000000000
01001101011 1 0 10111100110000001001010010011011100100010110010011111100000111100110111100110111001001100110010011011110100101111011010011110111 001000001011000
01001101100 1 1 01000000001101001101010000000011010110110011111011001101101110000100100001111110101000011110001111011011001001010010101101111011 001011011000000
01001101101 1 1 01000101111000110011101111011000001011100100011101000001101000100000101110000010000101001101101010010010000011111111101000011010 011000111100100
01001101110 1 0 00101110110010100011101010110011100001000000101011101011111010010011001101100111001000001101010110010011111101010011111011010001 010101100000100
01001101111 1 1 00100101101001111011110110010011101101110010000011011001111011101000000010011010111001101000011100001011001110000010110010101001 011011010111100
01001110000 1 0 00111011101111011100101011011000000101111000111111000101111101111101001011100000000100011100100101110101100100001111011010100001 001101010001100
01001110001 1 1 01011001010011100111001000011100101000111001110111100010001010011110011111110011001100110001011101101001001111001011110110110001 000001100011100
01001110010 1 0 11010010100101100001001101101101010001011101000011110111000011100111110111111010110110111010000001100100111111011100010101001110 001011110101000
01001110011 1 1 10011001010000100110111110101101001000011111011101011101011101110100110110010001110111101101010010011000011011000101010101010011 000010101011000
01001110100 1 1 00001101001100110110111011100100000010001000111101001111001010010110001100100111100010010010111011011110101010100010001110000101 100110001001100
01001110101 1 0 01000100110010001000110111101011001100110001010100110111010010011111011111000010011001111000000111010100011011001110101110110100 110101010100100
01001110110 1 1 11001001001011100010000001000010000010101011001010011000111100011001000111010100001011001101010110010001111101101000011110101010 100011111100000
01001110111 1 1 00101011000000100100000100111011100010001100110000111010110000101100000110101110100001110110010010110000111110001100000011101010 110001001111100
01001111000 1 1 11001011001001001011111000011001011001101111010101010010100110001001001000000111111100001111000001010010111001110000011110010111 010000011001000
01001111001 1 0 11101010010001000001000010001000111010111111100101010000100100000001100110111100010011100100101111100011111010011111100000010111 011001000001100
01001111010 1 1 01101001001101101001101010100111010111010001100011110011010111101111000100101010010010111100000011110101010111110101111101000000 110010000100000
01001111011 1 0 00010011101110111110000111011001110101100001111101101110010100000111111101101101100000101011000011110111011100100110011110100101 000100101001000
01001111100 1 1 01011001010110110111100101101010010100110111010111010100001011000000010110111110101101100101011011001100001000101110101011101101 011001110001100
01001111101 1 0 10101001011000110001001111010100111110000100010111100110100011000110110101010000100010000000000110011110101000011010011101001010 101110000011000
01001111110 1 1 01111100001110111101001010101010000101010000010101100111101011010011011000100000010010100101100000001110110001011100001110010111 100010100110000
01001111111 1 1 10110001101101110101010111101000100101110001001101000100111101011101001101000100111110101110011101000101111111010001100000000001 101011000001100
01010000000 1 0 10001000111111011111010011111010000000101111111101000111111100110010110110010101000011000001011011001110000101111110111110111001 001001001100000
01010000001 1 0 01001111001011001000111110011011110000011001101010110100101101001100000010101101000000001100000110111011101001001001111101111010 000100010001100
01010000010 1 1 10100001001111001100110100100110000101010111001101101011010001000000111001011110111010101010100011000001011110101001111111000111 011010100100000
01010000011 1 0 11100000111010011001001110000010000011110101000011111100000111101111111100110111110101001011111101110010000110110100001101110111 010001011010100
01010000100 1 1 01000110110001110101111010001001000101101000001110101101000001011000011001000111111001000100000011010110110101101100110101111010 110110111110100
01010000101 1 0 10100110110010010010000001100101101111101101000111101011111011010111110101001111110000111000011100001011101011110000101100011100 101000101110100
01010000110 1 1 11001111011111010111001101010101100111010111000110110101010101111010011101110010001000010100101001000001010110000111110000110010 100110111001100
01010000111 1 1 10101100111010010110111001101001001011001001100100001111010001111110000111111111010001110111001101111000011101010001010100101011 100001101011100
01010001000 1 1 11001100011100010001011100100010110001110111100001100001011011100110001110010011000100010001010001000011111110001011011000101100 000000100001100
01010001001 1 0 10101100010001110001010101111000001011010011011011010100100101100101111000111000100011001111100100010000011001001011001100010110 001011110011100
01010001010 1 1 10111011011001011010111101110010111000100100110001100010011000110111011100101111010011100111110011100000110111001011110001100110 001011100100100
01010001011 1 1 10110011101000111101111111010011001011101101010000011110110010101110000011111100110011000001110001010110001011010101100101111001 100011010111000
01010001100 1 1 00011011110100000010101111101110000011010100110101001010000000111001101001010011101101000010010100001100001111000110011011111000 011110100110000
01010001101 1 0 11111101111000001110011101101010111101100001001110000111100000010000110111011011110011111001110101110001001101011100111000101010 001001010111100
01010001110 1 0 01101011010110101111101111100110101000111100100000011111110101111110101101100011100111010110000000111110001100111000110010101001 011100100111000
01010001111 1 0 10000101001100010011011100001110101111111101010011101000100101010010001010000111001000100010000001110101010100110100011010111001 000101111010000
01010010000 1 0 00100101000100001011100100000100101000101111110111010100011011011111101101010101101100100101001110000110100100001101001001100001 101001110100100
01010010001 1 1 10010011011111110010001001110111010111000011101001111111111001111111011001111000101101110011100101111110111110110101001110111000 011011001010000
01010010010 1 0 01011010001011101110010110001100101001000101110000111011110001111001010001100101000010100111101101000111000011101111110010100100 001101010011100
01010010011 1 1 01010010011001001100011100110011011101100010011010101100001000000101001110010110101110111010000011101111000101111001111000010101 001110001101000
01010010100 1 1 11000110001010110000110100010100111101011111111101100100101101111010010101001000001011000100110110001101100101000110100110000101 100111111011000
01010010101 1 0 01001011100011101000000001100111001111110000110101000101100010111100011011000101101101000110010100111101110001110010001010001100 101010100111100
01010010110 1 1 11100001010100111011000101110100111111010101000101010010100011010100010110010011000110011110110100001011010001101111000010100001 100000000011000
01010010111 1 0 10001011000110011011011111101011101100001101011111110101100101000101100000000010100101011101111010110100110001011101011000110010 001000110110100
01010011000 1 1 00110100110110011010100101110010101000010111100111001000110111001000101010001100100110010011111010101010001111100010000000100100 000011111100100
01010011001 1 1 01110111010110111000101001010110101000011010110111011010011001011111011111100000001110110011101011110101100110110000111000110010 100011011011000
01010011010 1 1 11111011011110000010001000010001110001100100110011111000000001010010001000111100110101011111010111001011011101101100011011000100 101001100011100
01010011011 1 1 10001011110110110010110010000011001100110111011111101010111010111001011000001010000000010001011100001001101111100011100011000000 000101110111000
01010011100 1 0 00001110100000110010011100001010100001100001000101110110001101000010010101010101101001111001010110010011100111111000110110001100 001110000001100
01010011101 1 0 00000100100001110101001110101001001101111111111011001011000111011100111101110000111000101100001000101110101110110100010111101100 000001110001000
01010011110 1 1 01100101111110011000010110000110010010010110110001100100000101111001111100110111011101100001001111000100100010000001111000101011 111011101111000
01010011111 1 0 11111101111001010101000010001011110110001101000000000000001010110101001110110011010000101011101011000100110111100000100011110011 000100000001100
01010100000 1 0 11001111001100110000101001110010010010101101110001001111000001110011000000110110101011001110110111010011110010001011111110011011 011010000110000
01010100001 1 0 01101000111101110001001110011001100101000101101001110100010010011000010000101000110000001110111111000101111100100100100111110010 011011001000100
01010100010 1 1 10110101101001110101011100001000111111111001001111110100000000100000101110110111001010100101100101101110010000011010000001011101 010010000110100
01010100011 1 1 00010010001010001010110001111000111101010000011101100010001111011100000110011001100100000010010110100111100100101100100111011110 001101011000000
01010100100 1 1 11000010111000111111000100001111011110011010011011111111001100001011111100101000111101111010110110110111010001000111001101010010 000011111001100
01010100101 1 1 01001101001000110111110011111011111111101110011011001111011010011100100011110110010100110111011001000101110110000000101010001110 101010100101100
01010100110 1 0 00011011111001111001101110111011101000001001100111011001000001111001010111100101000100010100101011100000111100010011001001101011 001011011011000
01010100111 1 1 11110011010011011100011001000110110010100111011111101100101101000100011110010000011101101111101111001101111010100010111111001010 010010011000000
01010101000 1 1 01100011100111111000111101100001001101110101100001010111110111010110110101000100110110111000011001100010000100100100101001011110 101110111101100
01010101001 1 1 11101001111111110001001001000000011111110010100110110000101011111101101100010100100001101011011111111110011100011101101010111010 001000011001100
01010101010 1 0 01010100101000101110111000111111110001100011011011010101001100010111001100000010011111100001011010011011101011001001110000001100 100111011011000
01010101011 1 1 00001100111101111001001000110001010110001110101101001011110110110000001100110100000001001001111000000000010010000100000110100001 001111110000100
01010101100 1 1 10010111011111010000100010010100010001110111011101010001101011011111010100010010010111000100100010001101101001010110000100111000 001000101110100
01010101101 1 1 00001111010011000001011001111110001000111000111100110100100110100101000001011110001100011011000001000001001001000011001000010010 100000000001100
01010101110 1 1 10011111110001101011100110111100110100011010010010011010000001100011100000010111100111111111111000100010010110010011000110100010 011011010000000
01010101111 1 0 11101100100111111110010011111011010010101100001010110011100110000000010000011001101010001001101011000010111110011111001001101001 101110110000000
01010110000 1 0 00000001101011010101111111010010101011111100100101111010001101111110010111110101010010000000111100100110000101000010001000000010 001010010101100
01010110001 1 0 11101110111011110110101100001010010000011010001111100110011011111110100000101011011110111111110010111001000011010000111110011001 100011110010100
01010110010 1 0 01110100010010111101110000000100100101011111101010011100001010001110110100111000001000010000010101110101110110110010001111100101 110110011001000
01010110011 1 0 00101100100010101001101110000001110001111010010011101111110101010010000010100111110000100101110111010010110000001110100111111001 110010110100000
01010110100 1 1 01110101100111010101000010001000001110011000100011010000011011100010101100010111001100011100000110110010111011110111100110000011 010000101100100
01010110101 1 1 10100010100101101011111011011001101110001100001010100101100100101111001101110010001011110110100010001011101010011110011111000100 010010010011100
01010110110 1 1 01011000101010100001101110111010010101011000110101100011110011001001011010001000011111010011001110111010001100011011111100110001 110011100100000
01010110111 1 1 01010000010001011011000001011011110100110000011111000000100011011100110110001001101001000101010000100000000100111111010100011100 111011000001000
01010111000 1 1 00100010110101010100110110100001001011100000110101100100011001100100011010111001000000111011111011010111100000011011111111110000 110000000101000
01010111001 1 1 10011100111010001111100011100000010111110101000101011111111100111100101010001010110110010111000101011001010010100101010111100011 010111101100100
01010111010 1 1 00001110101010010110100010110011011011111111100111010101000010011001011000001100111010001101011010110010101100111101000100111010 100110000010000
01010111011 1 0 01100011000110010111101011110011011110101101001110010110101111011101101011110001001000001011000001011000101100111010001001111111 111110010011100
