00011001000 1 1 10000010100100001000111111100001000011110101100111110010011110101010111010001100010111100110111101110101011100001100001100000100 000000010101100
00011001001 1 0 11110110100010110001101110101011111000011011111000101110100000001111100011100101010010101100010000011110100011000110011111001101 001110100101000
00011001010 1 1 10100100011010101000000111101000111000010001010010110111100011011000110000111111111111010111001011110010010101011111000110011110 110101000101000
00011001011 1 1 10110101110010001110110000110101010110100110010100011000001111110000100000110001001110110100100110110011110110111101101111110101 010101011000100
00011001100 1 1 01011110010100110010100101110010100001101110101111111100001011101001100011110000001110001110111011010111101100111010011011100101 011011100010000
00011001101 1 1 01101001001001110010000001000100010101010001111010001111001000010110010111100110000101110011011000111101101111000100001011100110 010000110110100
00011001110 1 0 01100011010111011011001100111110100010001001111000101111011011100101101000011111011110010000100010001001011010001101110101101110 010111101011100
00011001111 1 0 10100001100001000101101000010000010010101011101101010010111101011011010110100000011000101011110110110001000110011100111100010011 001101010011000
00011010000 1 1 00010100100100101100010100101100001010010110100011111001011111001111101001110001110011111010100000010010111000100000111110000110 010101100001100
00011010001 1 0 11010101101110000000101101011001101101101111001111101101111110010111000111101010111111111100101100010110000100000101111111000000 111110001010000
00011010010 1 1 10100001101010001001100111111010010111111011000101100011010101000000111011010101101111101100110001100000100010101011100000001111 010000110010100
00011010011 1 1 11110111111111100101001000111110010011101110010111111101011101100100001101011100011011100011011011000000001110110111001101110100 101010110000000
00011010100 1 0 01011000000100001100110010010001101011010100001011111000011000111101010010001100010000101110000100100101100111011111110011110001 100100100101100
00011010101 1 0 01100011101101000100000011100001001101101010100010010000000011101010110111100001011010101110011100000110001000000001110101101001 101100101011100
00011010110 1 0 00001111001111011110000001110101001000011000101100101111010111101000000111011010010101110010001100011101100011110111001100001010 000100111100000
00011010111 1 0 11110110010000101100001011001101111001110000100110000101101000100110011111101001110010000111110101011010000110100101011101101101 000111111010000
00011011000 1 1 01110101111110000110000000100110111010100101111100101000110001001101111100011000010100011001000001011010001011100100110101010000 010011100111100
00011011001 1 0 00001011111011101011101111100100000100111101010111101101111100101001001001111011010001111000101001100110100001001111111110101100 110111000110000
00011011010 1 0 00010101011111111101111001010001100000101100101100011110111100000110101100000110011000101100100000101000101000100000111101110111 111001011011100
00011011011 1 1 01011000111110100111010101001101011011101110100100010001010111101100101000100110111010011100100000000100010101110110000011110001 100101100000000
00011011100 1 0 10011100110100010001110100001111010100110101011001001000110101110000011011000111101000001001101011101111010001100110000001001101 100100100000100
00011011101 1 0 01111100000010011010101100011001101011100010001011011101110111111011110000010101010011001100110011110101110011011011111101110001 011100011111000
00011011110 1 0 00101001100011000110000000100101010110010111111001110011101000011001101100010000010111010010001100111000100100111011110001010001 011101010011000
00011011111 1 0 10111010010010100011011101101001100000110110101011010011010011001100111000010110011100101100111010010011111111110111111100101000 111100010001000
00011100000 1 1 11110000100010000111111011000000001010000101011011101000111010010111111111000101101101100110011001101110100101011001111101010011 000100101101100
00011100001 1 1 10010011110010011010011000101001011001011011000101110111101100001101000111011111101111110110000111000100000110001011000000100101 001001011000000
00011100010 1 0 00100110000000010000100000110100001000001101011111110000111000000111101111011011000010010111010011011001000010001111101010101011 111011010100000
00011100011 1 1 01101011111010001111100010101111010100010000100000000101010110000011001101101011100111000000101111100111000111001110011111001110 111110011010000
00011100100 1 0 00011001110110100111101111010110001111010110100001001111110110000101100111000111011100000101010011110100000101100001100000010000 101111001001000
00011100101 1 1 00010111010011111011001000110011001011110111111011101010101101110110111110110101011111010111000101101101000111000001101010111100 010100010010000
00011100110 1 1 10001000111001001001111001101101101110100111010001010100100111010101110100011100111000111100010101110000000101000101010100110100 110011110010000
00011100111 1 1 10001101110000000101100011101000101111110011100111010111010011001110100001000011111010111100000110100010011111110100100001100111 111001100101000
00011101000 1 1 00001000000100100110101101110001110110111100011000010101101100000100001001001101000010111010010110100111111010001111100000100110 101000101001000
00011101001 1 0 11010000000111101110110100101001101100001111110100001010010010101110101110111100010000010100100010000101001010011110010100110011 110001110101000
00011101010 1 0 11101000101001010011110001111101111100100001010000011011001101101001011010010001000100111001111111011001000010110111000100110101 110001100010000
00011101011 1 1 10110000010100000000001101011001110101110111000011011110010001111011100000100001000101001010110101010101010100100100110100001001 011111111100000
00011101100 1 1 00011110010010100011100101101110110100111100000000010110100001000101011111100101000010010011001111100011011010101110111101001010 111000100000000
00011101101 1 0 01001110001101101000001001111100011100011101010110011000100001001000110100100001101101111110110101000111011001000011101001000000 101011100000000
00011101110 1 1 10011110001100011111111001101101011100101000011001111101101110111001100100001111011001011110001001110111100100000010011111010101 101101101101000
00011101111 1 1 01000010101000101101100101000110110110011001011010011111101110000010110000000111010000110000111011001111111110101011000010110110 001010011111000
00011110000 1 1 01010110011110010011000111010110010110010000111000100101101101111000010100111000001000111110111100101111110000100011100010110001 000101000100100
00011110001 1 1 01110100110011110011011000110011110110110100001100111111011001010111001001001000000000110100101101001000111001000110111111000010 100111111110000
00011110010 1 0 00110000010010100010000101110101110010111010011110111000000001101001111101110001100000101001111010111110001011000000101101011011 011100110110000
00011110011 1 1 01000110010000001100010011111100011111001100111101001000000100001110000100001001100011111001111011100100000111100100101101111010 100101111110000
00011110100 1 1 01100101110110101101101111110100100000111000101100110001111100100000110101011101010010001001010110110011100000011011101001001111 100110001101000
00011110101 1 0 11001011111011100000100101010101000100010111011010010010010101101011110000011000100010010011111010110110010010101001100011111000 101101000111000
00011110110 1 1 00100010011101000011001001111100101100010010000011111010011110111010101110110110110011000001010000110101001101010110110101111100 111001011001100
00011110111 1 1 01100011001010011101110110001010011001110111111000100001010110101011010011110011110111010000101011001110100110010110010111000100 100100101110000
00011111000 1 0 01011100011101101100101111011101110000111101111011111110111001101110011000000100110010001111110100111000010111111100001010100111 000110001001000
00011111001 1 0 00110110111000101001001010100100001101010001111100100000111101010110101101001100101101111011010011011010100000110111110100110110 001011110111000
00011111010 1 0 11000110101000101101100100001101000010100001110011011111010011101101000000101010110001111110010100101010100000010101110011000010 110001101100100
00011111011 1 0 11000011011111000100101001001110010110000001011100110110101101111001110011010101110100000100001011001000011011100001111000111010 011000110000100
00011111100 1 0 10000000000010110011100010010101010010000011101011011101100010100000010001001101000001111111011001001101011011110111000010111111 011110111000100
00011111101 1 0 00101000100100101010101010101000111001001111000011110011010011010110111011110101111011111010001000000000111011000010110111000101 100001100011100
00011111110 1 0 01000110111000010100011101101011010101011111100011011101101111111000011111111010100001110001110100111010100111110011101000110010 111011001010100
00011111111 1 1 01001110011010010101110011100000111101110000110101011100000010010011011101000010101010110110010000100100100001110100011100100010 101100000110000
00100000000 1 0 11111011100101010010011010101000001001101011111001001110101110111000010000000010111110101001000111111000001110100111110111110000 000101001110100
00100000001 1 1 10011001010110100100111101100001010001110000000101001000011001110001000100011011111010011010001101100011101010111011101101100111 010011000101000
00100000010 1 1 11101011010111011000101100001000011001100100100100101000001100101101010000100100011111011100110001111001010111110101000111000100 101000101110100
00100000011 1 0 11100000000100101010100001011100111010000110001010101111000111000001011100100011000111111100011010101100010001111100011111000001 000001010010100
00100000100 1 0 10110001100110101100001000000111111000001000101001000111011011001001011110110110100010110001010011101001001000110101001000111100 111101010100100
00100000101 1 0 00101100011010000001010001010000100101101101101110111010010010101110011011100101101011101100001010111101001100000110111001000101 010100001011100
00100000110 1 0 10101001100011001000010111101001101100111001101011010000111110000011010000000010000011011010110101001111000111110110010100100001 000100001101000
00100000111 1 0 10101101001110001011001111000001001011111000100100111100000110001011010000101010011010111011010001100111100001001010100101100110 101111011001100
00100001000 1 1 00100111011011111001000100011100011001011100000001000100011011001111011110001001100111010111100000101100010101111101001011110010 100110111011000
00100001001 1 1 00001010111100000101011000100010011011000111011111011110001000100101100011010010110000111110100110111001100110000111100111001011 100000010100000
00100001010 1 0 10001100011111111001111100111011001110111110000110110101100101001010110111111101111100001100101110001011001011011111011110011001 010110010010100
00100001011 1 1 00110011010011101110110000110111010101110111110110000110010001010111101011011101100110000011101100010100101110010010111101100000 111000000010100
00100001100 1 0 00010010001101111110000011001101110010000001111000111111100011000101010011011000110000011001000111110001011000101110100011100000 100011111111000
00100001101 1 0 00100110111100100000010011011101110111101011100111110100111100001101101000001011000011110010100100010110110001110011101100000101 110010001001000
00100001110 1 1 11111101000110000111000011011100010111011111101100111011000111110001000001000000000010101001000111111110000100110101001110110000 110101001001000
00100001111 1 0 11000011001111111000110101100000000001010000000110110100011110011100100011111101110101101100001010000001101101110111001110111101 110110011111000
00100010000 1 0 00101100001010111111100110101110111001001001001010010010100100110011110101101001010110000000100001101001010110010001000011111000 100101100001000
00100010001 1 1 10000110001100100101001101111110001000111011001010100100001010001000011011101101100100101011111101010111001101110100010101010001 000100011010000
00100010010 1 0 01000011000100010011001100001011110011011110100001110010111000000101111000010101011010111011000110110011100011000110000110111111 011100010110000
00100010011 1 0 10110111011000011000111101101001011111111001010110001100101111000100010110010011110101110110001101001010000101011110000111010110 100101111011100
00100010100 1 0 10001010110100100111110010110101011001001111000010010011011101010000110000110110101100010100001011101010001001001000011000000110 001011001011000
00100010101 1 1 10011110000000100100110101110011011010100000000001011111000010111010001111111111110011100011010111000001101111000001111101111101 111101110001000
00100010110 1 1 10100100111110110000011101000100110011000111001101010001101111001011100111011001101111001100000101011100011011111010111010101100 011010101010100
00100010111 1 1 01110101010111101011011110100011000011001000011111010010010010000001000110001010111000010010101010001101010100101001110101000100 111001000100100
00100011000 1 1 11100100011110100111001101011000110110110001011100010101100101010010111011011001111110000101011100011110000010110000010110111001 011100111011000
00100011001 1 1 01101011001100000111011001110001110011100110111111111100110011001101001111101111110100000111001010010101110101010111011001110001 000000100100000
00100011010 1 0 01110100100110010110000001001111010010001001110110110010101111010110010010000011011011000010100010100110110110000110011101111111 100010100011100
00100011011 1 0 10010010111000010001110101001111110101100110101111000000111110110001101010011010110000110011111000110111111110001011111111101111 000001011100000
00100011100 1 1 01010001101110111001100101111000011111101001101010110101010011111111100111111110101010101110010110000100101100111110100010001111 100000011011000
00100011101 1 1 10000011100100111000100000110010100110110101101010101010100001110010110011110110111110001011010010011110100100111110010110100010 101001010110100
00100011110 1 0 11100111000100100000001011010100100110111001010001111000001000101100000100111000011010100110000000010101110101001011000011100110 111110011001000
00100011111 1 1 00111010100010100010100100111011101000100011001010000100011101011010010111111011111101111111000100000111011110100000011100111100 000100010111100
00100100000 1 0 01011011000100010011010010011001001001100100000111110100001111010010110111001111010011110101011011011010011101011111001010110000 001000111010100
00100100001 1 1 00100010100101111111011110000110000101101011100000001010110111111110111101110110101100011110001111010101010110010001000001011111 100111010101000
00100100010 1 0 10101011100111110101010010111000111011110010010011000110101011000010001001010010110110110110111101000100100111001001010000111010 110101110100100
00100100011 1 0 00010111101111000001001100101110011000001100001001011100111011001000000011111110100111011011101100101100111111111101101111100110 101001001001100
00100100100 1 1 01110011100001000000101010010001010011100110000010100000110100111111110110010101111001010001100000011010111111110101111011001111 010000111101000
00100100101 1 0 11100000010110011110101000101001001001010010110001011000001001011101101101010011011111110111110110001100111001110100111011100111 011000010100100
00100100110 1 1 10001010100000010010101010111010010110010000111001010010100110101101001101011010100011100000110100100110111100101101000100100000 011001111000000
00100100111 1 1 10111011001110100111101000011110100110110010110111000111111011101100010000000111001010110111011001100001101110111101010001101100 011110001010100
00100101000 1 1 11001001111010010001101100011001010001001001111100001110000110111101001111110110000001110110101101011001101001110011000110000101 110110000010000
00100101001 1 1 11111101000010101001101011001000010110001100010111000000000011011010100110111000101011111010011111100110111100111101001011010011 110001011110100
00100101010 1 0 01000100100000111000110111010111100001101111100000010011001100100111101001100010101111000110010011110001100110011011110111101010 001101011101100
00100101011 1 1 00011110110000111010111001111010010010000000011001010000111100110111101100100101100101110111000010101011111001101010101000001111 000100011001000
