100101100 1 1 00001001011110111111000001100101100110101000001001110001001011001111110101101110100100010100111100110100100001110000000011010111 100111100100100
100101101 5 1 10111000100110111001101111100011011110000111110101101000100001011101011100110100110001110010001010101111100100101000101100101011 010001101111000
100101110 5 1 11010110001010110011111011110110010100100101001111010011011001110110011010101000000111000010001110100000011010111010010111110000 100101110111100
100101111 5 1 00110110110010111011010011111110010110101100001011100010111010010001010000110011110100001011010111000101100100101110000011111000 100110100100100
100110000 1 1 00111011001000010000011110011010100010101111110001000111100001000000011111001111011100111011110110011010111010000000011011101011 011111001111000
100110001 1 0 01111010010110001101110100110001101011000000001011111001001010101011110000101110101010011110010001100010001011101100111101100100 000110011101000
100110010 1 0 01110100101001011100000010010011100000101110110011100100101101011010110110111000010010011000111010010101110010010100001110101111 100000001110000
100110011 2 1 10110110111011000011010001110000000101000000010011010101010000011110111110011101101011001111011010101001011100011110110010100011 100010000100100
100110100 4 1 01110101001100111011101110001100101001110000011010000010110000001001100000110010110000100000110110010011010100111110011001111000 000000111111100
100110101 2 0 10001111101111100000101100110101110111111100110011111010101010000100000010110110010111110100010011100111001000000011100111011101 001011110000100
100110110 2 0 01011010111101001101111011110101101111110100000111010101111111100110101110011101100101100101111000110101011001101010110110001100 110111100001000
100110111 1 0 11111000010111100010001010111000100110101000010101001100010100010100000110001011011011100011110001100001000111101010011011011011 011011100010100
100111000 1 1 10110000110111111010111100110111100000011101000100110110111001010000110011110001100010001000011000110111010100111111000010100011 100100110010000
100111001 2 0 01111101111111111000001111010000001001100011001011001010101011111101101110111011011100111111001010000110010111110110101101101000 001111111110000
100111010 4 1 01100110000011111010000111111100110001011110101000110000111011001001100110001010001011100111001111111000100000001001101000001010 111101101110000
100111011 3 1 11111011010010000110110011000110111110100011101111111110110101100001010001101011000100110111001011001001110110111101000011111011 011010000001000
100111100 2 0 11000110111110101110000101101100101001101101111110010000000101001100101100001011101011100000000110101110001011110000110010010001 100001010001100
100111101 1 1 11101101111111000000001110011010001111010001111101111111101001111001001010111100111011001100001101000001000101011101001000110100 101011100001100
100111110 1 0 00001011011011101001010101001011111100100001011100011000101010101011100110000000000111110011100111110100111111100110000100100011 110010001011000
100111111 4 0 01101101001001110111101000111100001010001110110011001101101001010010000110011000011100101110010101101111100011111111110110001001 110100000110100
101000000 2 0 11011101010101011100101010110110111011001010111111100111111001110101011101111010011011111100110100101001010100110000110101001000 110010100110100
101000001 2 1 00111101111101010001000011111111111010110111010110011001001110100100000010100001000000101110000011110100100100010100110100000011 010100100100100
101000010 3 1 00101010010001100001111111111111101101100110010010010001110010010110101010111010001011011001111010001011101100001100000001010100 110111100001100
101000011 3 0 11111101000000001101101001101101101010000100001010110010000000110011000110000100010110010010101100110011000110011000001111110111 110010001011100
101000100 4 1 10000110010110000000100001001101001110110111001111000110100010000000010100001101011110110111110100010000100110001001011010011010 000100101100100
101000101 3 0 10010111111101001001000010001010110000010100011100001010000101101000011010101100000000001101011111011011011101011101000010001000 101011101000000
101000110 5 1 00100011011010000111010111100011010111010101100101001001001110001010100000010110101111001000010100010000000110001111011111000011 001111101110000
101000111 2 1 00100110110111110111101100000110010010011101100101000001001001010011100011110110011010111110111110001010110110111100001111110100 100010000100000
101001000 1 0 01110111010010001010100001111010111010111100100001100000111101011010011011001100001010110101110111101000110010000101101010011101 101110001110000
101001001 2 1 11111001010111011001100101101111011010000101010000100010101001010000100001111011000001011111000000101010111111100101101011010000 110000100001100
101001010 1 1 00001001001010000000011100100010111011111101011101001011011110110010001111010100011001011101100000101000100111010110101001010101 001000101010000
101001011 2 0 11000101100101001000010011001101101111110101101001011010011001100001001011110001000010111011000111011000111110011001000010111100 010010110101100
101001100 1 0 10001000111001000000010001101011011000110000000110111110001000001101111110110110000110000011011101000100001001110110000010000100 001000110100100
101001101 4 1 10111000001001010110110001100011100011011100100111010000111000001101010000000110110011000011001111111111101000111101101010010110 100010000000000
101001110 3 1 00010100000010101111010000111110100001011010110011011110111101000010011100011010100001110100010111101101001000111101001000111110 101100001010000
101001111 5 0 00010110101111100000000010110100100100010110001110101111001111100111011100100010010001010111001010001001011111011011101000000111 011001111110100
101010000 1 1 11000000001010100010100110100010110111010110010000100101101110001011000001111001010100000001011101100100000011010010100001010111 010100010101100
101010001 1 0 10101110101101010010110010010001011100111000101001001101111110110101101110001100110011101101110111111111100000101010111100101111 011100010000000
101010010 3 1 00010011010010101010001000001110101000100001111100111110001010000000011111001011100101100110000111110001100111010000100011101100 011010011101100
101010011 5 0 10001100100100000000101010010001111111110001100100101101111010001011000101011001010111011110110001000111100010001001000110101110 010011110111100
101010100 3 0 10000000101010010111001000111001010010110101010100001111101011101100010000000110100101111010011101101001101001110010001011010011 001000100101000
101010101 3 0 10111100011111111010001101011001100000111001011110111000111111010101101100111011010110100000110011000001011001101100111011011100 011010011101100
101010110 2 1 10111100000110000110001000111000001001000111010000110001100010111111110101000111110011100000111110110101110101110001010010100010 110000011111100
101010111 3 1 11010100001010111111111000111010101001110010111111110100010110110000001111011011101001001001100010011100011100111111100000010110 001111110111100
101011000 2 1 10001100000000100111111101101111010011010011000100001000010100001001010000010110011110000001101111000000110001110001000010001010 110100111110000
101011001 5 1 00100101010111100110010001010101101111110110010010001010001111110100010100011001000011110000110000100001100010101001010100011000 010010000010100
101011010 3 0 01011011010001110100000000111101011001110110011001000001010100000010100111010001000000110110110001011111110000001010000010000100 111010000111000
101011011 5 1 00000110000001011111100100000111101110010110010001101010101110101100011110001011001110001101111011001001001010010000110000011111 100010111001100
101011100 2 0 11110001110100101100101011101100110111010011110111010011111011011011011010001100101100110011101111001111001011000011101111111010 011110010101100
101011101 2 0 10101110101000011101100010010010011011011010000101001101100101110011000010110010111100110101010010101110011100000110100011011100 110110011110000
101011110 2 0 01011111001101000001001101011001100011011100101001000110001111000100101001011110000000110101111101000010000101100101011011111111 101001110011100
101011111 2 0 00011101110011001000000110111101100000011101101011111110011010000111110100001101110010011011001110100011101110100111011011101100 100101011001000
101100000 5 1 10011110101111101111001101100110110111001001011100101110001010100101011000101110111000111100101001101101001110011001110100011100 111000010011000
101100001 4 1 01101011011101011100110000000011011101011111110100110001000101111101010011100011110100011101111111000111001001100101011100110000 100000111110000
101100010 4 1 11101110100100100011110111011111110000001111101011111001010010100000101010100101101110110101101101101101101110011101000101100011 010111111001000
101100011 5 1 00110011100111101001000010000001110110111011110100010111110011111001010111101100110110101111100110100011111011111011000100100101 011101100110000
101100100 1 1 00000110110110101011010000101011001001100011111110110100101110001000011000011000101100101010001101101010110100010000010100011111 111000001000000
101100101 5 0 00000101011100000011001001011001010010100011101100010111010111011011100100011110000101110110110011010110110010000010110000001100 010111001001100
101100110 3 0 00010010001111000101100000111010111010110110100100100000000111101100110010110101011010110011000101110111111100011111110110110010 110000011010100
101100111 2 0 01011101010010110011110110111010000101000110101010000110111100000110100100011101010100010111111000001011110101001100110111010010 001011001110000
101101000 3 1 11011001010010111111110111001100001000100011101000100101001110101011101010101010011110011011000010010001011110111011011010101001 100100011000100
101101001 4 0 00000000101111100001100110110010000001100100110000000011111101000010000001100101001100011100110101001011001111100101000111011111 101000000010000
101101010 5 0 00110010100111100011100110111001010110001000001011110111001010110000001111111101001010010000010000100101101000100100001000110101 101111110111000
101101011 3 0 11010111110010100010011000000101000001001101011100011101001000011110111011011001011001110001101000111111001000000010101001101111 100101100100100
101101100 3 0 11111000001101001011100101001101110110010001110001010100001010000111001011000011001100100101000000110111000010001001011101111110 110110010010000
101101101 2 1 01000000100010011100000000110100101001001000001111100100100000001000011100110110101111001010100110010111100111100101110111101100 101001010000100
101101110 5 0 11011010000110101010001011111010010000000011110010101010101010000111111011110101011000011001101001011111011001010001011001111101 101010110000000
101101111 2 0 01101100101111111100111010100000010101001011010011101011100111101101010011000100111101100011110100010110000011001001100100100010 000011110111100
101110000 1 0 01010011000000010010111001011100000010000010000011000000101101010001011110010010000001010010001011111111100111111100011000001000 101111111001100
101110001 1 0 11111110000010000010110101110010000001111011110011001010110101010101100101111000010010011100110010100001000101001010101100010110 011100010101000
101110010 4 0 00111101011101001110110001011011000000111011000101111100110011001000110000111111011010111010101001000011001111010110011110010011 110010100100100
101110011 3 1 11010001010011100010000111101010011101000111100111100111101110001101110101100010000000100100101000010101011110111011100100110110 111000001001000
101110100 1 1 11010010000011001100110011110100010000010000101001010101100100011000111001010000010011110000001100010100000110010101000111000011 111001100111000
101110101 4 1 11101010110100001101101110010110111101100001011100101010010100111101011000000001101010101110110010001011111010100010000110000111 111010101100000
101110110 1 1 00011010100000001101011101000001100111010101010100011001011000111101011111110110011110001101001101110001011100111111011011110110 100011100110000
101110111 5 1 11100001011011110010001001110101010000000100111001000011010110101111100110101000101010001101010111101011001111100100010010100110 011010011111000
101111000 1 0 11110010100010101010000110101011001111100010000111000110100001101110010011011100100011101101110000000010011100000111010011101001 010100100100100
101111001 2 0 10010100001011001011010001101011010111110110100101010001100011100000101001110111110001001011010000000011001011101100000101110000 000100001000000
101111010 1 1 10101010111011010001111011101100000110111100011101101001011111111001010101000111110011011111011001110000011001011010011010000001 011100110111100
101111011 5 1 10110011110111000100101001011010110001100111000001110001011110011111000000010110000100111000101111110110110001011101100101110110 100001000100100
101111100 1 0 00011010111111110110010000110011101110011110001111100010000010100000100111100000011011000011111001010101010100110001011100101011 000000100100100
101111101 3 0 01001011010010011100110001100001100110111010111111001010001001111000011011101111001110110000111000000111010111001111000101110010 011010111101000
101111110 2 1 01000100111111100001010111110010101011000001000001110000001000001110100100101000001011010110010010100001110001110000110101011001 111110000100100
101111111 3 0 11000101100111111111100100010010000100111110000000110010001101000100111010001011100111000111001110110011000001010010111110011111 001111110010100
110000000 4 0 00101110101010100010101011001000101111001100011110101000001011010001100100011011011101110000010010111110100111111010001111111110 010001100110000
110000001 2 1 01010010010010100011001010001111011000111010100101011111111010010101010000111010111101111010100011010110000110001111011110011010 000100111100000
110000010 2 1 00101001010100001000101000100101100001101001000000110000001111100110100001011011111111010011001010000010001111111110000101001101 011100011010100
110000011 1 1 01100110100101111011100110011000011000100000100110000101110000001110011111000110001001011001111000101011001101101110101001010010 101011100100100
110000100 1 0 00100100100011010011001101101100001101000011000100010011011111111100111100100100010110010011100000000111000000011111000001011101 001111000100000
110000101 1 0 10001001011111000111010000110101011000001000000110111001100000001111010000110010110110101001011101011101010110011100101101001100 001110111101000
110000110 5 0 11101010000110111110101100001100110110101000101101001000111001010110101000110010111110110011101011111010100100100000111100111101 000010111101100
110000111 1 1 10000100011101101111010101101111000111010010001101111111010001111000101001110001101011001110001111000110110010001001100010101110 011011010100100
110001000 1 0 11101100101100111010011010011110110110100100010111000111011100110111111110010101010110000001101011011100111110100101110001001000 101110011110000
110001001 1 1 10011101100110100100001100010001111111110111000111110011100100110011110011100101000000000000011110111111110110000011100100010100 110100100001100
110001010 3 0 01111100010010100000100101011010011001001000000011111100010001100110011110001001001100111110101101101001100011100000111111011011 101000000100100
110001011 4 1 00011010110001000000111010101101001011100101001011101000110000100110100001010011110101110001100100100011010110110110011000001101 011101100101000
110001100 5 1 00101011100111000000110001010010001101100000000011010000100111011000101011110001110101010101100011011111101001000011111000000100 001011000010000
110001101 4 1 00000111001101001101010010011001011101110011000010101110010001101011011101101100010011100101011101111110011000101111011100011010 110010101110000
110001110 5 1 01110110111111011001001001010111101101010101100011010010010110001101101010101100111000110000010000000000000110110100100001001010 001000000101100
110001111 5 0 10001011010111001110001101001000101110011010111010010000010001010110011011111010110010010011100110111101111110000101010001111010 001101110100000
