00100101100 1 0 10010011100010100101011011010100010011010110011011101000000000110110110110101100010101001111001101110101010100101111010000010110 101100001011100
00100101101 1 0 10110010110101111100010111101110110101010010011000001010000100100111010100101110111010011011000010010111000010000000100011010000 010111000111100
00100101110 1 0 01111101100111101001010001000100010011101101111010001011100111110100110010111000000100011111101011000110011001100110000000101011 100011100111100
00100101111 1 1 11110000010001011101111110011010111011011010011000100101010010100111111100000010000011110001000000111011111101101110011101010111 110001111001000
00100110000 1 1 11001100111101010100001101010001101110101100111010101011001111101110001001101000110010101001110010101011110000111101000100101000 111001110001000
00100110001 1 0 11001110110110100000110100111100110000100101000010100010001010000100111000011000000010010100100001011010001110011000101100001101 010011110101100
00100110010 1 1 10101101101111111100101111110010011001001010011000000000010111000101010100011100000011110110011110100000111000001001110111110110 011100011001100
00100110011 1 0 00011001000011111000000110011000000011011110000101100010111100111101111111100000101100111010111010100001101111000010010000111000 011101111011100
00100110100 1 1 11111111000111110101011101111100000101000010001100101000111010000110001101010010001001101001110110010001100101111101101001110110 100111101011000
00100110101 1 0 00110111101000011010011111110010101001011000111100001110010101101011010100000110010110001100100000011011110000011101000001100011 001111010110000
00100110110 1 0 10100011101101110111101100101110111010110011111111110011001000011011100111101101111010001001111011000101001101110010001110001010 000000010100000
00100110111 1 0 10101010010001101110101100101000101100010100101011110010001101110100001111000100011111001101110111111001111000111100111011001111 000110001011100
00100111000 1 1 01110000011011101001010010110001111110000001101000111011101000011110000011000110000110110110111101111000100110100010110111000001 100010010011000
00100111001 1 0 11100001011111001010110010010001100100010110110101101010011111110100010011101111101000010100010101001101001100010000111110100100 010111001010000
00100111010 1 1 10111111001110111010110011001000111101100011101011101111010101101001110001100100011001100111001001111011100110101111110101000110 000111000011100
00100111011 1 0 00001000000010110110101101111101010011100001110000101001110111110011110000010011001011000010011110110010100101101110000010001101 011000100010100
00100111100 1 1 00001111111011011100011111000111001001000100010001000011010001110011110011101010111011001101011101000000100111111011010100111001 011110110010100
00100111101 1 0 01000011001100011011111100111010011011101111111100000100001011011100000001001110000111111101100000101100100110010000001000010100 101010110010000
00100111110 1 0 11010111101100101011100000000100111011110010110110010011000001000011100010011000111001111110111000100011010111001101011010000000 100010101111100
00100111111 1 1 00110101110111001000011111101011011011100010001110110100001001110110011110110001111100001111010010011000011011010011111000000111 011010001111000
00101000000 1 0 01110001011000010001101001100100010110100100000011110100110000001010000110100001110100110101010011010100100100010011111001010011 010011111100100
00101000001 1 1 10101100001100100101001000111101010000000010110100101010110000010110100010011010000000000100110110110111111111010000100001001000 011101010101000
00101000010 1 0 01011010001111011101010010010000100011001010111101111110111010100011010001011111010001101110001110001111111011111010101101110111 001100011110000
00101000011 1 0 11010011000000011010110000101110100010100110100001001111001000100101001011001011111110001110010110000101101110111111111010000110 001001110110100
00101000100 1 0 00100110111100111000000000100000000000011000011110111011010110010100011010011110010011110001100011011101101001111000101001110100 010110111010000
00101000101 1 1 10001101111001011111110110010101001100011111001001100001110011001000100000000100011110100110010111011001001011011011101011100110 000001001010100
00101000110 1 1 01100001011000111001100101110000110010001101010101100100001001001001010111001000111010000111010001001111001011010101011111010000 010011001000100
00101000111 1 0 11001100000111010110111100011100100010010101101100010101001101000011010100010100111100001111000011110110001011111001111110110100 110100001101000
00101001000 1 1 00010111011100110100000110111011010111101100101000111011000011000010110110111100001010100010100100000010011001111110101101101100 000111110110100
00101001001 1 1 11100100110011010001011110110001011111001011001001110100011010010011001001010001101111101011001010110110011000110100101000111010 100100101011100
00101001010 1 1 11000000110010000101110100110111100101011000100010111000101011100110110111100010111010100110101111001011001010110101110001101001 110101011000000
00101001011 1 0 00110000000100110011100110100001110000111110101100111111101001000000010100000001110010000111110100100011010011011101101001110000 011010001110100
00101001100 1 0 10110100000101001001010001001110001001011011101001011011010101011110001011011111011010101101110100110000101011011011101011111111 111100010111000
00101001101 1 0 00011011000111000010100001110111011001110001101001010011010010101100100111011101010010010101011010111001001010001010000101101111 111101111010100
00101001110 1 0 11100001001000101001110111000010110111011010000110111010011101001101110110010010011100100111000000101111010111010010101011110001 000101101101100
00101001111 1 0 01101110000101001111110100001011000100010001111011011000000001101110011000100101011010000100010100110000111111100010101101000011 011010110010000
00101010000 1 0 01011110000001010110011001011111000111010000000010101101010001011000110001000001111101111111001110000001001101010101100001101010 111011110110000
00101010001 1 1 10011110101001010000011011110101100110101010101100110010110110011110000001000000010110100011110011111100001011101011000000000110 111101110101100
00101010010 1 1 11000010000110111000111101100010101001010111101011101111000000010111001001101011000011111010001111000010101010010011111110001100 110000101100000
00101010011 1 1 11110011001110001111000011110000001010110011001111000100110110010011000100101001100101100000010101110010000011111010110010100001 101011000001100
00101010100 1 0 00111111011111000100101110010111110001001001101101010110010010100010111110111010111000110010001011111000011001110000111001000001 010100101110000
00101010101 1 1 01010110110000101100000110001100011011000100101011001110011000000101010010101111000110101101100111110100110100100101100111011000 001111011011000
00101010110 1 1 11011111000110111010111010110000000001000110100100101110110000000101011111100000000100110011000101001010110001011101011011001001 110001010100000
00101010111 1 0 00100110001110001011000111100010100100001011100101001101111011000110001110101110110100110111100110010100100110100011011110101011 001100000010100
00101011000 1 0 10111011111111101100010001010001000110110010011001111111000111111111000100010010010001000100000100111000000000011001001000010011 011001010011100
00101011001 1 1 01110011100000010001101111011000101010111000111010101111001011100111101011010110000110100101011111001111100001111100100100101000 010101010000000
00101011010 1 0 10010111010110010110000011011100001100000110011011000000001111010000100101110100001101011101111110111101001100001001111100000000 010111101000100
00101011011 1 1 00111100100111000101000111010110111111010010011100010110101000100100000001000100010111011001010101010000000001110000101101100101 101011101000000
00101011100 1 0 01101001001010110010011011011111101111101101011011010101110001000011111001101001100011000001101001110011000000011101001011100000 000110110010000
00101011101 1 1 10001111110010000011101010110011011111110001000111100111000100001011111001100000110100111010110101100011100100100110001000010110 001110010011100
00101011110 1 0 10111101110010111101111000110000000110100001000010010100110110001100010010011110010111101101111101101010101010000001111001110110 111101101100000
00101011111 1 1 00101011000100100010101110111011000110011100011101010110001011100101000011110011001101001111000010110001100111011101000110101000 101100001101000
00101100000 1 1 01001100010111011001011000011000011011100001110100000010111101010000101101110101001001110100001011001001001101001001100011011001 001101000100100
00101100001 1 0 11001001101101001001000001111111001000011101100011111101101010001010010111001100101001010100100011101000011001010101100100000111 110001001111000
00101100010 1 0 01111100110000000011111101111010110010100110111100001010011111000100110110000001111100111101010101111100001111110011110111110100 110010101001100
00101100011 1 0 00010010010000010110111011011111001000101001101010001101101100111110111011101100000110011010010000110111100100000011100100110010 100011110000000
00101100100 1 1 11111110100011100011100011000111110010010100110111011100101010100011110100101010101010011100110011100110001110111110001010110111 110110000000000
00101100101 1 1 01001001101101001110101100001111010010000010010001101001110110110101010001101100010001001000101011111101101011001010100011110100 011000011011000
00101100110 1 0 01110001110000101111111110100001010010110001010110111100111110001100000111011110101100110111011010010011100000001011011110001001 010110001001000
00101100111 1 0 11001000110000111000101011100101100101111001100101000000110001011100110001000101100001110011110011011011000001110011000010101111 101011111100100
00101101000 1 0 11111000001100111001001110000111110101001011101101010001101010000100111100110110110110110000101001101111011000101110110101110010 111000110100100
00101101001 1 0 10011110011110100101010000100001000110101011000100010010110101100001001001101110111010100011011101011001000100101000011110011101 100110101100100
00101101010 1 1 01110011000111111100001100101001111101111000001000000010001001000001101010101010011110010011101110111010000010010000001001101001 011001101000000
00101101011 1 0 00011000011001101001111000100111110110000011010111101110101110000011011010010000010111000110111000001100110111111110001000001101 010111110001100
00101101100 1 0 01000010100000101001011100000110111010101101010110011010000110000111011010011011001111001011000111001000000010010011101110001110 111001011111000
00101101101 1 1 00010100010111001010010010001101011010110111110000100101011001100111111000000001010001011000110101100000101011000001011010100101 110100101000000
00101101110 1 0 00110110011001100010111011011101101001110011000001101100101010100111011010011111101100111110000000000100001000110011001001111001 101111100011100
00101101111 1 0 10001001011010010011101001110011010111010100010111100000111101100010001111110111101100011101111010000100101110100001101010011110 110101011010100
00101110000 1 0 00111111000111110000010000011000111110010010001010001000101000010000011010011001000011001111100010000100100110011010010101000110 000111101001100
00101110001 1 0 01001100011110101101001111110110001111110011111000010101100101100001100010100011010100010110010111101111000101110001111100010001 010000111111000
00101110010 1 1 00011000000101000110000110011010110110000000110101011000000101110001010000110100101100001001000000001111010111001100011011100000 001010100110100
00101110011 1 0 11011111010011000110110110100111001101110011001011101101010111111000101011000100110011000011011111101010100010111101010010110010 111100010001100
00101110100 1 0 11110100101011011011110110001110011001110110110000010111000101100001011101010011100001101000100100011011001101001111101101011010 001100111010000
00101110101 1 1 10111000100100010000100110001110000010000111011000011000011001010010011110110101110101100101001100000101000110000111111011110010 001101111111100
00101110110 1 1 11000001100110110000000100100100111001101001010011111001000110101111111001111110001100110100000111100001010000001010101000011010 100010100000100
00101110111 1 1 01110111000111011010000011001000001101100100100010110011111000000100100011010101111101101011101100111111101101111101000111101100 110111110111000
00101111000 1 1 00000110001100100110101010101010101100111111100111000111101011110100101010011100100110011111101000011010011011110111111101000100 100111001100100
00101111001 1 0 10111010101010000011111010011000111111001010111101001011100110111011110000110110101111001100101110010110000111110010101111011100 101001110001000
00101111010 1 0 00001111110101000100011110011010010000110111001111101101111011110001111010100111110111010010111101001001001001100000000111001001 101101110001000
00101111011 1 1 01001011100100101110010110011101100111101001011111111110110110010000110100011111000001011010111001110101111011011001000000111101 101111101110000
00101111100 1 0 10010011000001111101010111010010010010011010100010011111000011110000100000011100000111100011100001100010001010101110100011101000 110011100010000
00101111101 1 1 00001011101001011000001101000100110110010001000011111111111100111111010010110111011011101000101001111110100000101111111100011001 100111111101000
00101111110 1 0 10011000011010011011010111101101000001110000001111111111010011101100000100100000101001001111011111001010101100111110111011001011 111100001110000
00101111111 1 0 11111000111100100001110011101001000100111111010111010010000110000100100101111010111100000011110001111001100011001100111100000100 000110011111000
00110000000 1 0 11011110000001101111100011110010110110000110111110000011011001111101101101100101000001110100010011110011100110100100010001100011 010001110101000
00110000001 1 1 00101100010000110011011010100001001011101011000011011000001110101000011101110110001100100000100001101110000000100010010111110011 110010001100100
00110000010 1 0 00100000011101000001011100000110110100000110101000111000000111000101010001111011011010001011011000111111000010110110011110001011 010100111111000
00110000011 1 1 01001010101001010001110101010010001001101100001100110101001011011000101100011101001001101101111001110001110111101101101001101000 111010010101000
00110000100 1 0 00101010011001001010101101101011111110000000001000110110011101011000110000101100100000001011101001011010101101100101101110011000 001011000011000
00110000101 1 0 00101000100100000001111010101110000100011000101011011110110011111100100010001001010111010011000011010001101100100000000110010101 001111111100000
00110000110 1 0 01100010100011110101010001110010000001111011101010000010100010011110011110101011000000011110101111011011101011011010110011001011 001001011001000
00110000111 1 1 10111101001100001100001000101111001111010101111100111001111000101100000100111010100010000101101110000100010010001110101001011010 100110111000000
00110001000 1 0 10110010011111010000010010100001000011000000101001010001001101101000000001100001001011110011110100100100111111010000100111110001 101011110001100
00110001001 1 1 11111111001110101111110010011111100101010010100100111101101011101110011001000111101111111010110101001111111101001101110110111101 000010101001000
00110001010 1 0 10111001000111111010010010100011111001010010111111000101110111100011001101000000010001111010001001000110100001000101010011001011 110111100110000
00110001011 1 1 00101001101110010011010100110011001000110001010101011100101100100110011111110110010100001011001001111011111100001110111110101101 101101111100100
00110001100 1 0 01111001011100011101010000001011011110001100111100000011010111110010001111000001110001101000010000010001001100101111001010000001 100010101101100
00110001101 1 1 11110010101111000001101010110010111111111111111100111010100100110001101001000101110000110110110111100101101010001101101100001010 010100011001000
00110001110 1 0 11001101111001000101011011111111100101110000011110010001111100001110001010001111000011101111010111000111011110001110101011000100 000011000000100
00110001111 1 1 10010110100000000000011110001101011000101100010010101111010110100101101000101101110010001000001111000011101011011010001011001000 001101101001100
